25868876
21642613
24355695
21773603
21259046
21428877
24934211
21961136
22039875
21994665
23749498
24529344
21220126
23160820
21543580
24384624
25667217
22112318
21618293
24259812
22345849
21580175
22820567
25047871
22359938
23643487
21261240
21321891
24046533
25177667
25223676
25260188
23135275
24712624
21533971
21567730
24051710
23421207
22140287
22642560
24366946
25883624
25571212
25863000
21615041
22137554
21771693
22843390
23402395
22675135
23486154
25890718
21261034
22252057
21819994
21059895
21978711
21557021
21793157
22516363
23506096
23543789
21780486
22266193
23391228
24367942
24028080
25189731
23450839
24252976
22092917
23674791
23680793
23731501
23773712
21296013
23005083
24104072
23325553
23770394
22542600
21629807
22991443
23685419
23782201
22563751
24872104
24828491
24867196
25815650
23484907
21939887
25453416
21281454
23802134
23122871
25257079
25437392
25010803
23997401
25523651
22248084
22773834
23663723
26003630
23686435
22557485
22531909
25073968
21889749
24566419
22312954
23301972
25449543
25435898
23908539
22823877
22379679
21503863
23797036
23576824
25997118
25062278
21003940
25095579
25905273
23205072
21178244
24167178
23047622
22223362
23390334
21676567
23788216
24015343
24113076
23416966
23404900
21390330
25002318
22699960
21259882
22046640
21364014
22725374
25776594
24502336
26023039
24806520
21505435
25992730
22370838
21037607
22121354
25868818
22771101
23710189
24563289
22601048
23970667
25039109
25500941
21077105
22426507
23187733
23285251
24527183
21254312
25687239
22051189
25959213
22159818
24106095
21937821
24309378
21485705
23119893
21421323
25732578
24869577
23596718
25564348
22834477
25242002
22334138
25136705
22276405
25422735
21749048
25351278
24827077
25958895
24470230
23860338
21679888
24325537
24832410
25420078
21232173
23427040
24845454
24837695
22953155
21462910
21623818
24530227
22178960
23781133
21016707
21994535
22722743
21785629
22668250
22579393
21462612
22319683
24044055
25145160
24943827
25704772
25071864
22879061
23147466
23134271
23972722
23658910
22978521
22646439
25025179
22343769
22188624
22871119
24264701
25534701
21580199
22460714
23088710
23673404
26004503
25006513
21399362
23673788
21485983
22782455
22979851
24909999
23124287
21197998
22896299
25796481
25053581
22465980
23471789
24385337
25443359
23880376
21542340
25277298
22598826
24833969
21846544
23981179
23834663
21123257
22631464
25669013
21896386
24164829
23009785
23984781
25113598
24954147
25512379
21380107
24483051
23569621
25553695
25254608
24275466
23388123
21994729
23092951
23040857
24201712
25017656
23880765
25204719
24148456
25165802
21235602
24473947
22571611
22497275
23559631
23254369
23848526
24761374
22486759
25380046
22887290
24661749
25263944
24662845
23177785
22322640
21350208
23909113
21026059
22999650
21108752
24080782
22008283
22916473
23974426
21724940
21749451
21105037
21878394
22145852
25689412
22815330
21455580
23766718
22586035
21171193
21589779
23999012
22733938
21291117
22671180
25102533
21798320
25462567
25627773
23995317
25935282
22795189
21497626
25704919
24617747
21385213
23896699
24019810
21920490
25871372
21599440
24843548
23446916
21493070
21127193
24343338
23223084
23089106
22606394
21799510
22932392
23923035
25583830
24237201
22444841
23149050
23153224
22284914
25085283
21353825
25848874
24067412
23081480
22321974
24633122
23406654
22045221
23527962
25989784
25599012
21457027
25333449
25090389
21522477
24035204
22864784
25654642
25771988
24564509
23460660
25159388
24490414
23657126
25736226
25443110
23635992
21493432
23072622
22723050
21864456
24243682
22391639
25754723
22882688
21774345
23506673
22580239
25832503
24333145
23850731
24675492
22877454
22661925
24733724
25385968
22507966
21377369
22705595
22345005
24273666
22332783
24143007
21612755
22837170
25961269
24006867
22787787
24632398
21365503
21955008
23094307
25506916
21012959
24334617
22517270
24119651
21133550
21236153
23938249
23066480
25342288
24436487
22154963
25229698
23350178
21359510
24419286
23079147
22177032
23958676
22648565
24707982
24808503
22987613
22145370
25520478
22569491
23394662
21145780
25221640
24220086
26002954
23856119
22820383
22119523
24048075
24517282
22669733
24679641
21099034
22966618
22516408
22852321
21893492
24412538
25121618
23789533
24634890
21189198
22535404
25933951
22648501
22763934
24489640
22314589
22797783
25319376
25499120
22355530
24461354
22825411
21070186
25388229
25722327
25377494
23164550
25957251
25352452
24843824
21765836
22790566
24260972
25573045
23437808
23132762
23471021
24387227
22851089
22356970
23770147
24316141
21404069
23363783
22515227
21790149
24712158
23283462
21613188
22317797
23762357
21425823
25721489
21760163
22498992
25117955
24714110
24283468
25576264
22750567
23797584
24723572
22968202
25439814
22621687
23731202
22854431
22300384
23118805
25753139
21431322
21995716
25608895
21042580
24301447
23547942
24069334
23885846
21654579
24193908
22260299
25193595
22236477
24710144
21069563
21011615
22455327
25782855
25116948
21377243
22920717
22904328
23829815
21581446
24716132
24546857
21067407
23371666
25908197
23263017
21593102
23435773
24025982
21393176
22392386
23575236
21243225
24847813
22749258
23002634
25930285
23670900
25832421
23528030
24444357
21433452
24519516
23275040
23100581
25607009
21364587
23148435
23199303
22595687
22269106
22687235
21340181
23222590
25190106
23802711
22258367
22198160
21106187
23894099
22823652
22784677
22747998
25866157
22370419
24546272
24872688
22944668
23281140
22667604
23570356
23289761
25514607
22307697
24093123
22146660
21252462
22516331
25289960
21550697
25280390
21461664
21574689
21436758
22097164
25587400
21284558
21282730
23740418
22305286
23163538
25733171
22310901
22868903
24134938
24614416
23393999
23810234
23690208
24309707
22827649
22324050
22507459
23327941
21766799
22150051
21097132
21336938
23890672
25022116
21799932
25549732
21497957
24685376
23636860
25835637
21978593
25135324
23440864
22873456
21635658
21710896
24598458
22355228
25241014
25911726
25930930
24298153
24864079
23359479
21519137
23758635
23809030
21435182
25810587
25589050
22862520
22216599
24223150
23684833
21361746
22371340
21925935
21110826
26003688
21684616
23925193
23754196
23842000
22692857
25283697
25503677
21884581
25265349
25311090
25065175
23973663
23759060
22101400
22713648
24406415
25106020
24527785
23437939
23444802
21728413
21419445
24633516
23839785
25928740
21211522
24568015
24229445
23711420
21723585
21090172
21689127
23627952
24811721
23518877
25366621
22166575
23215280
24803799
21271832
25242428
25285759
25281906
24049417
24854907
24651582
21477736
21924198
22664400
22149212
24837059
21486570
21147692
23889014
24983972
23187926
25947834
22987017
24798435
21727149
22650470
22003006
21639250
23236663
23172240
21125394
24523908
21233467
22767151
24757752
25018800
23101323
22780439
25267053
25755568
24161101
23633386
22083928
21181992
25129394
22116507
23516737
22943418
23842252
22795891
23636700
21764394
21062147
23105476
21984155
22715046
21481485
21077449
23762404
22154474
21983040
21648799
22097138
22588851
22084968
23755899
24309774
25033804
23257835
24467816
24958669
23522991
25145292
22853105
23406904
24297259
22236373
24314117
21624657
21261414
23651264
23977511
24540910
22900321
22996716
22331999
25499974
23791067
24103017
22737459
21319787
24017530
23109494
21229921
23394087
23883842
25635565
21157922
23349522
24219202
21222234
24177593
22449722
24662557
21541667
25790499
21721377
21260900
21208309
23879237
24184682
21595348
23267960
23540153
22772001
25803680
21185194
24126466
22636227
25831123
23172874
23843122
22063033
23515492
24954443
23165677
23434086
25127322
25364138
21933401
22290998
22013016
24542470
23387309
24525373
21516131
23091876
24708617
22238274
25673059
23973071
23364764
24930981
23949601
25172601
25503188
23865248
25655601
21931529
25430696
24659666
21677040
25491431
25938523
25324028
25892456
23149767
25928775
22586511
25263764
23097835
24296025
25181391
21950759
21275625
22879058
22182044
23465031
21410061
23502345
24235410
21073558
22245778
25130221
22218022
24009151
23908820
22833732
22106945
22843510
23118859
24085524
23752149
23710469
22833757
23409482
21581742
25783627
22714712
25074928
21270673
25486396
23978499
23948092
25892843
24890545
24733069
23993021
24503538
24842418
24525137
21511442
23994131
26010929
25385319
26012567
25795439
22484814
21288411
23435121
23070808
23652959
23891544
23695881
22781510
25490571
25530433
22327752
22817901
22941811
23733411
21811938
22135831
25745393
21401303
22651042
22406619
24119329
24657313
23131167
22503104
24893638
22643295
21761441
24045458
23303650
21153527
25097286
21866672
23756306
24740795
23141510
23463956
24707456
25341912
22206249
23933995
21487251
21111378
23687195
25920441
23965379
24080297
25439435
21467733
21122510
23456034
23050597
22655553
23674420
24198957
23952682
21491410
22192173
24428151
24319851
21133215
24439003
25459841
23535504
21354848
23208140
21281664
24043723
25914112
25954038
23332195
21006002
21338699
22698562
21753155
21591197
23259953
25398976
22571318
25254018
22588586
25032437
24585472
25542422
23495295
21084759
24464500
21929915
22803893
23841379
22783856
25209737
22534824
21131838
25811589
24634113
23502175
22110904
24623035
25816693
24436535
24700243
25600478
21366864
22847558
22636335
23961368
23409134
23321570
22726150
22770457
23460375
24876889
25192049
23190545
25857570
21611253
21425290
23515136
25311909
21754892
24295377
23954275
25653002
25646567
22921416
24161990
21827408
24682881
25953292
21682237
23230109
21130483
21081991
21190778
21296385
25381009
21792715
21367262
25920706
25960461
22528670
26011448
23399611
25414924
21674739
23156582
21225269
23278977
24497612
25573897
24718855
23624940
25679216
22401285
22233568
21233777
22288050
23514086
23716552
21778216
23362907
22331723
21159269
25107945
24305397
22620527
23195076
24394724
25192426
25006859
21516704
23742631
24567133
22861024
24510087
22839742
21947526
25822286
21204296
23540323
25276816
23448349
24515727
24908365
22420246
23450029
24279308
21973092
23153349
22703188
23102456
25483435
22307511
23862302
23440758
21393733
25147108
21150062
23440368
25358122
23473044
25982516
22709546
25482490
24531861
21367068
23391189
25235815
25489732
21972582
25451098
25805031
24148397
22033212
24205475
22445871
22154426
23796857
21051912
22365369
25477079
24642026
22105801
22145629
23206931
25648420
21127470
23168368
25014801
21874447
21809573
21145253
25078186
24090887
23565370
21564955
22966561
25561216
24680889
22322246
24020422
24874018
24744911
25602426
21925096
24990928
25181220
25542625
21771850
22957023
24488319
21435796
25496564
24137193
22649858
25390465
21731415
21021709
24299925
22810776
22878506
22307947
25561402
24136244
25665126
23098296
22829216
24434039
24663286
21820773
26015124
24000330
22224019
24501429
23186158
23376528
25760165
21627590
25094381
21666251
23267306
23808281
21142849
22930360
21186056
24862004
25739638
23811953
21331200
24220265
22582405
22666404
25428149
23904904
25170834
24106258
21553952
21142919
25586666
21154766
24659786
21560602
24275396
25592512
25623576
24560644
21744580
24225782
22931719
25859857
24281588
21716051
23163142
21415893
23797797
23318764
23127918
25249189
21699972
24215052
23367996
22055817
24075796
21807224
23417706
23327657
21364341
22858733
25659712
25605295
22102308
23428700
21091292
21104280
25046421
21048234
25473839
22557542
22347537
24680166
22046741
25984251
22495023
23890204
22051992
24055377
24382584
21035242
22040989
21036308
22484955
24435918
25229501
21371729
23009684
24806518
23513439
25760063
24567787
21726397
24024042
21319414
23553899
24777288
25290817
22540414
22792421
26007322
25064077
24882788
25696922
21994574
23445883
22901487
25891063
22690322
25359425
23748634
21951436
25201294
25484453
21892735
25130602
22999948
22227303
25379707
22980373
24551101
22046020
24945400
23185358
24232904
23520891
24742746
24317675
21052459
24266189
21618075
21408208
25886976
21848956
25439800
24741222
22732940
22576003
25431520
24665338
25460437
21404415
22771741
23646230
24253901
25030134
25001422
23513762
23057752
24654602
25636240
22574327
23764235
25259042
22531022
22106710
23316913
22786260
24323926
21137891
24463853
25013044
22959015
22877462
22469296
24685551
24101218
24722248
21472331
22036010
21021097
25486068
21512409
24946297
22416173
22530969
21349933
25032478
21714916
24238301
23725601
22937663
23629543
22906947
22861207
23784934
25906120
21139252
23662744
22548784
21650710
22424880
23419091
24131121
25660561
21549166
22677221
24758046
22121711
25056049
21655889
22223829
25311272
23789327
25273820
22927744
23241092
23409593
22006539
21935463
21348823
26020569
21129722
24366006
23342090
24420851
21304175
22499901
24741388
24058203
21324464
23727159
23342354
21117026
24260013
23587175
23418068
23562326
22203478
24606447
24381894
21393685
22959317
23480893
23638520
21949804
23889403
25211970
24812425
22917488
24816588
21360157
25316071
23677741
25037307
24441053
21204362
25488323
24102597
23986259
22861717
23229593
22060295
21539935
21812247
21700197
21552156
23599550
24757168
23945361
22125082
25892001
24827711
24821811
23057146
26007111
23287810
24472086
25186970
24482350
24888617
25062536
24133475
22360820
23943891
21254419
22425931
25747579
24511634
23160682
21040073
25573380
25795942
21436600
22771566
23713988
24619963
23431802
25698069
21627868
21626079
21364032
25024067
24255563
22173701
22901837
21325490
22780754
23946763
25962983
22342816
23180872
23675520
23240262
21754818
25359497
22253217
22473537
25128418
22403931
24031184
23729478
24978171
21451891
22476955
23083071
23251809
25509198
24865193
24248936
24542227
25009221
21375184
21478374
25639476
25133380
25053221
21884186
22475370
25284011
25003501
21421381
24926563
21131471
24373058
24927490
25848208
21475681
23765179
23654230
21215998
22995444
23347529
23828349
21736064
23846228
21881117
23248081
24291016
24468725
25826334
22972779
21100812
21904650
25554980
22283084
22026587
25978035
22077030
25688581
22405442
22837829
23172656
24454669
22111404
24337601
22523389
24709925
24251310
25663251
24933479
24986023
22107819
24815294
22406578
21371951
24748522
23556993
26000209
22331884
25703365
25994812
25228005
24685266
25588375
23829695
24314162
24358727
24836933
22477127
24358800
21066626
23684971
23781328
23264852
21290616
23062618
23345940
21445328
24701257
21199968
23004897
22355519
21446018
22678866
24916422
22427380
21910877
21988778
21880362
23866517
24886034
23620889
23820629
21256154
23059742
24060519
23608687
23820493
21246704
25430162
21118652
22917715
23335128
22214954
25457030
22812471
23407376
21413037
22079068
23156970
21613000
21702966
21836676
21137593
25048084
24463896
24563153
24889330
22227402
24495277
25638337
22292190
21623358
25112443
25724674
25598781
22379440
25485195
24247708
21937181
24592191
25680861
21712074
21361442
23685192
24254816
21740534
21269803
24692924
24706254
24189336
22497448
21054943
25415648
25337867
24584098
24623817
23053665
21701766
22196139
23077405
21032658
25447807
25529067
23140002
24907435
25394243
25821948
21925397
25807705
22109775
25952848
21558455
24145686
24753345
25182589
23885311
24305325
22872226
22396300
24140973
22937717
24328137
21002898
25953719
23931306
24391879
25041190
24335788
25192033
24676649
25068804
25783273
25760830
22646274
23202839
25481701
22835655
22038605
22010228
21260789
25059675
21135056
23382994
23492426
22157793
24333940
24073055
24967811
23701072
22087101
23933709
25079622
21847538
25775948
24004626
22662768
21676362
23204214
21747474
23284161
22824473
21104279
24623041
25109049
22004928
25459186
21288845
25044492
22580426
23357973
21961420
22215652
25388273
23014438
24581536
21630361
21961277
25651165
24929818
21328111
23358162
21802497
25760394
22032816
24710941
21359674
25364626
22114192
24703642
23943829
24509775
22970358
21398013
21344059
21856346
25299443
25379212
21523321
23627505
21589340
23175953
24956663
23916713
21943326
23227765
22332191
25425586
24411078
25752418
21714549
23180238
25797090
25058038
25164744
24282429
21416899
25442541
21188099
24544078
25010609
22944719
22986659
21042670
21329436
24119255
21318520
24106934
24784764
23431636
23799147
24011982
23096402
21434238
24346592
23973590
23373925
24260137
25450735
23213875
25930174
21496800
21698033
21927245
21184532
21831694
23189455
23074169
21595788
25836878
22983807
24578207
25893226
21638864
24186092
23152695
23591546
24925319
24758236
23739490
23606142
24619151
22861100
21825414
23289786
25937015
25474977
22367824
21656746
21615314
24767135
23622732
22162842
24882840
22105029
23861572
21881925
23921353
25878120
23531554
21023595
24851953
23871290
22284626
25974099
25787587
23750935
24552685
24474805
24640604
24478456
25967818
23793619
22773762
23636837
24465461
21240338
22611673
25892864
23801221
23259965
21246325
21827570
24845695
22049210
25162138
24407451
21972684
21010582
22100180
23235116
21716473
24759446
22089905
25955917
21649096
21003884
25660663
25085850
23128400
24803783
25450713
22132965
24133945
22527023
22443546
25654545
24226422
23626806
22890451
23840255
23311202
21476249
23379705
24768788
23779850
23956137
22301888
24758594
23532675
23899033
23321408
25190416
25948633
24287700
25940856
24783655
23241922
24014767
22793230
23249083
25617586
22080075
24729070
21770386
25785683
23472199
23873059
21310856
25180675
21262909
21325821
25379824
23959941
22552222
23289039
24434131
23021159
25257038
24925420
24758755
25333538
21879989
23688757
21117142
23187691
21234460
24454914
21800348
25793136
22888539
22544022
25239901
25617721
21880593
25786836
21239524
22637527
25534135
23569798
23043291
22647027
21926642
22767545
25851555
23583307
21975169
24855336
23160698
25370612
25358299
24182717
25642470
25960511
24092556
22178067
21050829
25018944
25140467
23851443
21885922
25822970
24913355
24944770
21005194
21531757
25714162
23536361
23745787
25651617
25124016
23187562
25343060
25612643
21201856
25085718
22063061
24326087
23706442
25628271
25976608
22746310
24083008
21861836
25995607
25784328
24666844
25977355
26001577
23589503
25822258
22067456
24949711
25805591
23352794
22110662
23168303
22382527
24638409
23648744
21786474
23022229
24731718
23359128
24817036
24152326
24662654
21785072
21809381
25208792
21482524
24195612
22901628
23827766
24743005
22827369
24520072
21522953
21677528
24337881
22374977
23334003
23725672
22797937
21861564
22927898
21886543
24968904
23124348
25611255
25395858
21742378
24275400
22848917
23351093
23753778
22230706
23751210
23544389
25953433
25248373
22952002
23610759
23972039
23181421
24479114
25889871
25368670
26007973
21128056
23175178
24853075
24992563
25976636
22925214
23881001
21467982
22257820
25335307
25757353
22901431
24161782
24059598
21805777
25176879
24501046
23257938
23517050
24168198
24063421
24057281
22086503
24423990
21201394
22011881
25623962
25666047
23050858
25406865
23778243
23697538
24155777
21654231
24324021
23841484
22021394
25946757
25267456
22996280
21760325
24805330
21456609
25736045
22006887
25869971
22454314
24757284
24107395
22540396
23744831
24935512
26005583
23415269
24875287
25761366
24333649
23145023
25853118
24407604
21273936
22805877
25867526
23515628
21472214
23696193
22560246
25253917
22935987
25110436
23218685
23106847
23517771
25136434
25175214
22907350
21189344
22683797
24677947
21022086
25118149
21351464
22337023
23811490
24875928
21358919
21206341
21825003
21969120
22063963
21904863
21130421
24867640
21693381
22437529
23471386
25020975
25659333
23351799
21020423
21252701
21579382
23408490
22451879
23532977
24753860
22182246
21282385
24171467
25798630
25756913
24697870
21617951
22226559
25602086
24273109
23813932
23367724
21578776
25413068
24327747
23463475
22443956
23998048
23705364
21790624
25719002
21248015
21309401
23806042
25622731
24818249
22796785
23402274
23995004
21424918
22318748
22944817
21712041
23419828
23679812
21997323
23528533
21156611
23793158
25651548
21412256
21640272
23071472
24251186
21051038
25615362
22982962
25836628
25294483
22307391
23227200
24666510
24820849
22747430
22318513
23470379
25049410
23292360
25572614
24493100
22512340
21326644
21022545
22330345
26002335
24750483
25006215
23350244
24093953
24942708
21793045
22301378
21739025
24730626
25472542
24997322
25911212
21265073
21991339
22181312
23468157
22514330
24916385
24598329
25175930
22560316
24151439
23284645
22839167
23061130
22079656
22200769
23659711
24810178
22432317
24313595
25767981
24156004
23133118
25937637
24120544
23281791
24355273
22756996
22608415
22946528
24475810
25038166
22084043
24382831
24395586
25216668
23800333
25773103
24519813
25747220
23143514
21109366
21837878
23260830
23043421
23013576
25841223
21403444
22049201
25732025
23720466
21982318
25104855
25680597
23044869
25598032
21615552
21096582
23131872
21921609
21330962
22841357
22699306
22262733
24679478
21123198
22774058
22317405
24213067
22414726
23870022
22883066
24860111
22360083
24442139
23389706
21940118
23318061
23081246
21233237
22242920
23577701
21483719
23049163
25602694
23255822
25297333
22325114
24458490
21818554
22604584
24655464
25007030
25008295
21957895
24057346
25663573
25506250
24270175
23223456
25229929
21199729
23721585
22702262
25424098
24105711
24467878
21573842
21745655
22948505
24428253
22025277
25263265
23176453
21382990
23345737
25595711
24519003
22893321
22026531
25223533
24184164
22877822
25054499
25639610
24694632
25051889
22437381
21742922
21153506
23089179
21638517
25912827
24260391
22927594
23277600
24191519
23682295
22155513
25286454
22441837
21763279
22614404
26007459
22553196
25611875
22486908
22321223
25138956
21870917
25276043
23888792
22198050
25808851
25637176
25562063
23855463
25490146
25609937
22723947
24757711
21326533
22217372
22732810
21949765
25521012
23703968
21675761
25829538
22999224
22590945
21245232
22813250
22219756
24918241
21595651
22547013
23421687
25328801
24734513
22447705
23509817
23422374
21657519
24586377
23922340
23852334
23496606
25518314
24443487
22560824
25814577
22653265
24704496
22311114
25144009
21379370
22934599
23131839
24872763
24793360
22860181
24433734
23679655
21242027
24632716
24497422
22419182
25225757
25714330
25116358
24235978
25164240
22001786
24804441
22054092
23857651
23138719
21669474
21281320
24391312
22913530
24128532
25833075
24184572
22015774
24442640
24663968
24437484
21192767
24735649
25539289
22645422
25235902
25436212
25469708
23178040
26005223
21802677
25117284
25233707
24016386
24045836
25896091
21484079
24020263
21837894
25120854
26000612
24989191
22910048
22125953
23657355
24882883
21263105
24303850
21197969
25603836
24452157
22202877
24637315
21867609
23904798
24010331
24409508
24406767
25760203
25347847
22082567
21304117
23926971
24933986
22232377
23798823
23730132
24457355
25324761
25211420
22821492
25830289
24158302
21137362
25923331
21593156
23101378
25944368
23738197
22318653
22592707
22309966
23954236
25343971
22884824
25628481
24955415
25397850
21396323
21488935
22261824
22299728
22435057
24490594
22293341
24306022
23313636
25857710
22456256
25394206
23929775
24710827
23451924
23945179
25144139
22738222
21672206
24142061
25829745
24804004
23319486
22608972
24409600
23446762
22638200
23899779
23655807
25021597
23856227
22033893
22239998
24366773
22192447
25783257
21934077
22974011
22872157
24580081
22460418
21864575
25683080
25862025
24488140
23825098
25225222
25675480
23863305
23080473
21586830
25397776
21202790
23771220
24851373
25598066
22208781
22354648
22068251
22347466
23564796
22350774
22701605
25381055
25745878
25351722
24010376
25817216
23930756
21147496
25655233
21340756
23229530
23104605
24107439
25936650
22464152
21007222
25658023
22353698
22162233
24553274
25485143
21189309
24011517
24446494
23901955
21828461
22506151
22862742
21589482
22055612
24383765
25636089
25527076
22874607
22651408
21839890
23609575
23551602
21984072
23527940
21752395
21856368
25096045
21652824
24505238
21501178
25168515
25991483
22326914
24473391
25664778
23126377
21413739
21142436
23909861
25913088
25618794
23235231
24754953
24763982
21066230
23592972
22157458
22594767
23574333
22558909
24787209
24239425
24749493
24956250
23057426
23071327
22886226
24814589
24082877
25653327
25483450
21329804
26006340
25584119
24673447
22576874
25655684
25817488
21308540
21686412
25353393
22587000
21645529
22949091
23971165
21109074
25245763
24861254
22104277
22619865
23399822
22195003
23347566
22348077
21710369
25870746
24605218
21779590
25983962
23370107
23876348
22913265
22715602
22042663
25077829
25637456
22992704
24494426
22466359
22860422
22119656
24790522
25578421
25251482
25214898
25952524
21933803
23973030
24304967
25988613
24565135
23837657
21103662
24838486
23143203
23223508
25081520
23106369
22238740
23000936
24915713
21910796
24680484
25218067
24231260
24996885
21760237
23292063
22251100
21103316
25595832
25457327
24368211
23569904
24589468
25606392
23016093
25263779
22040601
21927202
21339968
24557668
24667955
25650448
23721464
22680020
21160391
23716218
23862162
22830919
26016967
23274071
25383274
24335883
22776778
23965803
21712634
23906687
22412979
23212004
22196990
21497948
25718913
21393895
21558805
23791410
22557149
22459295
23732136
22545222
25973445
22785597
22979905
24858206
22008964
24008603
25804656
21396101
24528322
25184790
23449392
24219876
23576856
23871409
21913136
21689914
25077112
25584716
23994430
25964266
22851792
21086456
24536068
24586478
23075761
24938706
21620234
24973797
21138671
23855117
25289942
24487143
23955438
21387848
23980631
21020635
25983828
22401499
21357883
22215273
21801561
25290477
22676294
24195449
22904149
25787446
24644618
22201007
24963407
21057615
23282789
23010554
25356179
23583470
23766630
23320350
21615788
24521049
24072912
22181749
24160158
25310312
25559072
23389103
25819816
24290962
24835938
24003575
24935570
24943913
23140379
22891248
22955158
23600987
23982842
24251835
21703273
25829910
21124720
21267500
24137936
24908906
23581616
25354984
24711189
23459261
22643000
24148351
21752549
25586880
25942436
24616662
21688680
24346921
25328451
25523348
21190434
22258732
21642459
23887931
23882270
22436728
24901827
24537852
21952670
23160818
21429932
21711664
22439812
23996859
25331158
22925320
23390205
24888427
25916896
23721741
24754287
21590096
22166053
23687460
22497807
24798519
21461042
21504758
24099721
22782393
22124147
22867669
23377955
22877392
23029559
23899567
25911986
22770560
24889842
25120984
23776894
21127872
24669398
25537256
22174149
21100803
21096121
23114597
23876160
25437113
21134724
21848113
21630442
24307948
22093485
21684832
24310143
25891427
25067218
21965378
22019517
23275442
23228013
23155469
23366145
22411616
25480794
25741044
22898009
21161586
25405816
23521653
22810328
25816979
23043822
24708608
23405240
23117333
24865085
24828911
23126768
25039843
25526174
23605212
22912883
24709541
21486285
21428126
22357235
21967130
24192755
23593151
23398957
21488786
22702186
25723493
22223944
22264659
22971262
22407187
21752717
21612559
21888185
21865795
23378299
22878007
25317997
25855429
25476380
24927928
24970153
24883022
25544439
23438059
22843202
21373701
24604617
25457618
25128696
24153240
21153953
23647015
25104358
24126938
24875697
24010902
25900045
22025011
23692001
22585735
22029973
24545838
23877470
21135067
24771692
24056523
21996945
21224767
23806318
21577866
21088738
21608585
24397800
24346014
22136841
24428571
22158611
21602821
21251730
22031844
23160553
22520881
23309671
24161871
21250548
22522056
22841404
22483577
21996664
23514253
24674944
25831041
21808476
24221261
25580721
22204155
21315931
21948478
24889785
23124883
23700772
24057493
23363618
25588955
24057445
23156732
24411291
22713010
22724011
21500845
25698013
23464813
25859814
23809395
25567321
21315637
23322404
22023352
23302747
24387742
22919714
21293919
22917969
23574245
24868047
21462862
21561867
25721794
24546616
22261867
24325070
21741982
24766342
23420719
24272311
21232590
25753464
22998680
23319730
25275474
21763962
21469628
24322338
22927177
25983167
24399742
23186236
21623887
22366546
24570743
24329920
21732701
23933693
23724112
21571629
23807212
24321544
22493394
24476344
23848541
25337411
23794728
21204474
21205492
22836929
25934181
25651289
25170088
22295209
25133736
25753411
24823773
24304285
22394578
21146393
24287431
21025085
23025435
24725317
21418799
23250923
21805072
24843958
21076999
23524190
21499443
25647991
23967022
24924170
22287248
25297596
22628610
21146842
25840589
25937375
25459656
25748331
21082183
22655768
24326699
23863452
23824904
21438738
22606234
25427706
22643649
24571095
24410604
23841515
22553044
23442491
21404082
22455447
21218903
22023590
21321524
22052911
24732450
22999991
23736614
23008268
21613853
25684689
25911933
21985814
23657747
24101026
21226789
24943786
25375039
25745388
25247988
25954183
24363809
25149804
24837551
22538887
25379316
23648429
22003324
24618511
21272122
24474696
23527604
24098368
23116469
21581279
22584581
23117973
22724286
22577614
21947121
24233647
21781942
22483586
22294342
25605622
23205445
21138339
21423762
24636362
23928471
21947108
23977552
23531907
22396329
21636822
21369612
22396579
25322169
23212469
21687244
23268936
25091033
24879902
25992840
25130537
23013119
21356295
21869457
25288935
22835241
23822275
23431713
25714610
25084572
24241026
21101111
22060243
24072881
25968052
21506526
23460738
25296992
21091595
26024127
22731428
25929852
22084878
25097290
23555615
23693692
23828195
21795324
21992354
23968190
22534617
21249069
21732695
23266154
25645096
24372332
23625331
25594950
25128108
23052573
23573758
25171501
24674061
24586712
21142568
23948654
23275985
21312483
21775193
21160670
21132640
25496939
24890571
25910429
21699332
22923009
25846876
25944312
21096513
24140501
22526621
26016331
21973591
22515145
23694146
25644094
25647751
24755663
23360236
22547041
25401101
22123341
25728625
23044158
23481506
22593038
24853650
24818757
24731826
24535358
22446404
22716915
22163529
21151744
25686494
25235135
24773485
25797829
24287302
23030138
23240671
25825436
21892707
22255223
21035758
24830455
25628138
22969094
22328190
22804661
22229507
26008773
22850855
24060170
24837627
23633703
22923063
24153365
21555648
25606387
22734772
25050366
25154717
25328382
24588236
22885702
22650872
22629044
24303826
22187354
23353217
22376093
21168748
25123850
23495921
24103322
21324270
21345120
24202108
24929106
22003162
23688476
22522644
22203293
22132292
23718846
23598888
22870095
22165512
22156029
21112001
24634440
25012934
24421143
24339643
25341535
25507569
24161087
22364006
21817514
23030164
21954783
25698612
23113693
22469502
21742782
24666333
24705650
23530214
24400336
25094305
22675971
21903926
24770651
22292624
22047107
21112187
22940890
25324913
22727212
24621003
25674221
21914579
24198501
24919941
23353254
23286142
25719088
21401047
25901180
21685816
23038691
23600146
21855126
23303957
25634472
22819635
22278826
23395013
21923645
21193197
22935963
21188460
23290739
25489946
22026227
21671173
25266523
24782982
24827694
22544407
25906838
25236192
24694397
23964035
23031221
25726172
25393153
22301153
21535406
22750090
24905428
22994873
25868863
21569288
23353671
22580189
21306229
23013280
21044960
21246536
24999871
21652591
24285159
24791607
22310292
24610286
21065185
25262579
22672117
25675621
21098658
24311898
21926706
21469696
21031905
23212738
22962221
22048404
22426463
23673580
22437055
23460146
23639911
25064660
25886795
21264121
22532813
22639322
21535411
24722059
24713658
22142962
24549297
26002403
21358627
22087986
25325524
23507938
21029762
23766221
25380275
24389969
23340386
24495569
25153694
22765631
24889286
24041857
23765180
25823018
25467128
24903455
25562774
25813891
23794701
26016765
24967517
22549054
25474566
22051920
22696363
21700253
22123884
23804108
24098294
25759178
22637564
21856389
23536641
23125380
25617298
24897206
22710748
22578212
22540236
24229039
25420273
22966298
24646619
23601805
24638823
23329079
24725061
21053890
24226255
23058874
23239627
22580780
21176557
24098325
25537179
25474184
23553543
25220578
24075568
21522050
25972250
22479961
22703382
25162751
23411673
23826558
24886070
23194656
22678340
21552520
21062438
22195328
23273354
23489149
25501015
24015577
22155569
24227032
23765768
21187610
23871714
22054381
25466695
24130530
23459816
22365307
24567578
22525485
24272959
25748512
25935620
23101443
22272063
25751040
23899992
21630478
25260847
22016928
23555962
25019461
23052172
21112974
21604978
21349735
24106672
24630263
23031882
24610574
23630452
21577015
25608471
22481824
24253035
25661831
21879204
24958008
23065003
25217509
23096192
21291302
21754040
25197381
24100867
23104134
25840182
23066153
25432191
23266672
22788308
24218257
24927105
25794263
23448423
25015643
22329167
21547824
21565117
22125910
23844525
23586067
24476214
24549092
21256791
23854061
23851617
22377805
24689603
24671867
24293944
25229876
21576809
23159240
23170838
22757778
24332874
24750930
24982694
25152074
21502833
23994508
21689844
25749682
22998664
22306145
21219726
25223905
23512424
21311595
25322679
23152344
25688491
21668366
24191004
24073225
23097353
22791788
22313283
21754985
21881027
25809540
24493558
24294515
22132007
24197696
22638232
21061216
25841010
24171216
22319101
21518659
21747780
22702432
24308672
24225654
21284327
24738758
21189930
22128349
24802998
25439918
23384613
24157682
25479710
25117383
24504367
24942960
21591125
21987395
21845550
25763770
21034710
23655755
24511862
23245628
24995430
25540555
24271723
24716030
23899469
21412111
21478085
23684993
21829502
21581374
23059531
24264214
21950073
24607665
21043284
23965250
24108171
24134995
21381517
21283317
23399753
22694388
21741666
21198713
21583599
24688340
25914253
24066433
23096982
22518950
23568997
24582101
23193417
23245095
24064720
22422318
21947748
22086710
21998351
23501929
22840636
24158409
23048655
23773111
25563757
22205857
24331321
23505919
25884988
24260007
23476278
23995909
21676848
22827705
24523091
22439644
22906719
25200309
22808885
24586179
23569381
23677769
25453423
24875404
25842640
25083704
22769335
21570861
25148682
24533545
22748360
23826401
25714946
25381411
24191201
25178103
24091299
24521435
25229820
21795140
21508252
21598698
24965099
22001346
24378063
25762890
21915274
25637843
21973573
24145000
22215440
23321664
21997591
23965185
25176370
25112316
24205546
23055897
22619000
21131998
25268044
25100748
23569782
23043747
24397623
25613256
24593583
21487636
23450280
25026581
25980144
23899426
21164967
25792977
22045365
21900095
24654882
22270753
22709728
25201205
25535281
24753136
23786638
23221853
23694354
23136020
23563911
25770412
21492759
25619850
25799073
24851670
23711199
22673961
25171361
24999055
23616688
25520062
21535452
22141846
22216223
25687519
22902789
23346849
24997528
24336364
24037817
24926264
22907716
25958722
23684135
21247619
21517262
25445285
21851333
25118491
24497013
21047666
21450941
25516305
24794425
23017946
24146890
21187027
25998830
23041714
23882726
23189598
21279886
24194662
23081986
21534365
23790939
23479724
23240429
21033813
24912650
24949125
25261198
21378590
24056645
24428125
21543366
24481687
25204074
21425175
21838008
22243767
21505642
21569929
23091054
23876767
21024696
23659848
21151046
23212253
25226999
25260374
24926167
24056414
25151344
22930824
24893753
25113393
23569608
23964159
24455755
22114895
25003361
22868513
24310416
21873375
21714428
22778551
23730897
24483097
25570792
22251157
21220042
24922691
22999553
25623555
24153906
24486201
24868733
22603072
24620460
24107269
21047205
23022005
24469331
21401187
25956107
25191299
25565395
22313542
21186561
22081807
21363394
22142206
23756834
23273764
24477427
25748037
21421378
24969455
24905395
24328953
22052365
21068874
24883265
23086705
22844424
23775642
21565729
24533469
21061838
25125521
23730226
23086102
23784748
25715085
25471918
21864259
24699763
23880924
23639720
24313862
21672211
21327121
25177964
25615678
21901412
22189119
25081468
21756246
21162908
24040969
22773942
24592692
25712296
21634700
25205620
24913454
22028728
23086633
23124366
24531285
25235042
23118431
23688785
24735119
24463677
24643588
21157316
24957647
25341934
24447955
25951283
22151819
24613790
22690746
24020670
25583212
25094830
25184163
22555739
25376284
23984658
22883658
22474499
24825030
22521690
23664147
25664073
21721725
22968607
21172439
25189995
24961331
25086819
24298270
24701232
23758957
24904527
24459210
21538687
24417907
25553499
21007487
21472680
22696273
25322113
25061819
22442635
22768097
25544561
22291711
22214760
21724509
25761142
23053997
25167167
25422147
24894560
24968495
24519396
21246144
24194203
24964923
23436759
25096549
23878401
22607747
24746231
21185123
22594160
23822283
22064846
23866028
21104193
24258786
21201128
25342751
23015490
25720684
21521858
25397003
21462276
21072691
25128356
25453349
23534287
23294875
24476200
22001864
25928868
22821136
25944084
21854398
22809220
24852568
21367688
23829023
23763077
24520242
22173169
21864053
25790126
21180242
23198812
22495512
22045025
22949156
23685155
22556389
24018505
23398111
24426259
21232655
23452836
21769135
23743397
23287742
22469399
24555550
25429760
25311519
25837762
21679867
23355998
23435672
24910637
21455209
25022461
25535673
25172492
21464959
24305084
23139955
23106716
25538027
24684264
24437093
24490602
24788248
23650108
23837334
23714560
25440100
22705137
24464557
25944424
22288928
23651999
21968897
23270847
22930031
21378905
24428660
23440926
22294915
25405766
21651562
25486671
25644512
23751795
21260966
22361671
24631030
23363166
22459057
23871492
24999165
23235422
23130079
22304336
23449753
22653061
22580891
24334479
25726427
21977396
23510755
22631087
21940879
21977400
22030114
24358848
23143337
22298613
21712670
21768405
21002254
21847178
25099266
25462857
22763038
21812866
21859756
22023129
23029619
21901794
21887781
25376857
23753633
24675582
21400141
23749112
25547039
23717839
25721563
22377154
24321374
25347374
21679713
22999138
24452897
25338673
24604961
25954513
23728849
23708429
21879487
24570623
24265685
25924718
21398953
24339462
23760374
21277420
22480792
23121084
25995293
22538164
23421338
23106759
22793682
22384453
21505210
25688763
24437148
21084828
25021877
21816680
25883473
21042007
21001829
24561405
21661130
25303556
23884625
24565589
25268196
22886905
22226581
22240844
23278443
23764148
24127155
22435563
21460369
22208374
21327925
22658495
25958456
25057143
21270715
25134873
24629522
22449843
25768962
24907210
22875874
21738677
21093572
25064112
22598979
25599429
23160932
23057049
22170885
22330610
21997020
23817834
25527824
25690541
24410759
23768566
25512721
24116346
22109352
21477618
24532490
22586490
21336850
24388631
22118341
23058034
23362397
25229703
21704025
23796474
21065978
22510054
22660814
21791184
23913632
22552951
21397877
25732709
25515943
22118847
24537761
22445713
21455883
22278034
21580108
23283060
23142043
21307741
21496944
21723480
21860031
21222323
22719955
25998958
23103364
22381257
24311602
24285511
22372396
21006644
22106611
22604358
22146727
25438767
23862345
25008032
22338477
24013162
22859191
23727901
23325863
22975264
23753313
22014537
25432609
22701814
24523716
22635598
22118029
23331345
21524395
22400865
22038151
21903843
25057751
22812935
24043954
23911451
23814471
24031406
24592905
24025540
23077256
23994120
24769058
25442487
22900944
23317236
21618596
25786142
25874968
25112360
21207634
25777974
22959474
22264103
22971826
24723768
21480152
23212873
23228074
21199997
24502800
23168028
24123918
21990293
23817364
23459541
21388813
25875048
23174830
21997225
24354403
21806918
22576070
25011948
22067786
23440715
25806646
25809554
23814614
24814135
24440200
24483578
24573355
24605477
21158216
24962901
23798409
23101585
23585564
23963785
25206725
24048635
25699228
22045457
23710779
23165295
21636150
24000463
22229639
22518047
22086902
24802749
24215409
22231729
24936722
25220158
21027915
24007462
24576007
24942663
21129144
21611189
21630143
23345563
23213194
22372693
24198288
21236427
23795879
23330571
21059144
21977236
24632872
23873695
24227555
25987696
22007015
26020095
25638427
22436956
25561935
22771076
25175436
21100496
22036351
23198401
24763096
23413080
25980517
22220382
25848365
21002457
23510581
21910462
25034310
22159271
21418851
22921054
22121426
23084642
23262174
22155970
25729247
25191068
24161063
21653684
24699133
25304762
23321753
21563002
24397228
23644209
25123667
23649227
22891454
23266222
24194621
21926738
22000680
24595718
21659917
25078594
23603169
23942756
24274416
22027082
25463329
23624211
25125351
23855526
25686358
23599903
23865833
23967743
25501873
23862526
24864420
25940110
25212914
21117875
22837450
22519577
25248050
24931876
21977353
22149782
24792816
25084111
24332353
24717582
22690900
25480544
24162950
25974528
22804853
24729089
24709757
23391955
23516690
21573487
25420421
23092420
23062191
21240916
24317172
23301646
25894168
21054328
22446579
23807819
21141035
21290399
25233636
23256599
24576625
22129421
21979625
25515882
25727023
25525884
24618348
24050872
25126848
24636284
21920069
25139596
22176651
24780186
21961837
21832523
23694659
24176914
21060408
21220392
23603680
23469281
25654383
25042308
25360222
21823303
24498417
21172721
21354764
24438896
23251195
23597777
25908524
25519321
22983542
23520727
21153612
24648411
24393330
23926150
22248614
25813210
21433654
23526050
21205080
21163466
23175603
23708869
24831576
22828515
23327144
22178274
24514155
23904101
21786450
23969983
23369423
23205010
21795535
23002373
22939979
24765813
22783548
22697802
21265759
22195874
23258265
22848206
23950228
22761096
21415830
22324357
21105016
23650574
25971658
24812451
25253839
22595088
24923173
23105290
23010969
25661734
24984345
24263133
23153036
22535552
24117089
25312906
22968948
24804399
21408624
24350577
25201278
25502396
22259378
24973957
24525105
25323322
24329210
23603804
21789514
22701832
24582196
21317401
23215243
23743536
24795606
21075204
24619800
25605509
21587886
24628096
25432960
24363138
22850572
24714961
23841439
21475637
21021068
24206758
23482462
25630531
24588429
21620640
22119301
23806728
22754221
22503979
21972970
22057121
23383402
24302587
21676498
25144548
25602058
24989923
21976493
25764303
21330119
22304727
21211298
22791651
21391188
25723072
21281589
25360154
24467684
24879861
21651260
25675735
23891520
21285478
25656686
22252238
21525230
22510613
23444915
21114189
24338062
21000521
21099400
23361305
24484796
21433480
22796598
24798593
23865822
23771579
23451005
21020442
21321678
22141994
22610902
25970095
24668347
22216205
23501245
23397823
22838104
24155303
22887823
21394698
23406203
25921162
23412990
23052443
24301114
23561687
24068484
23409571
21022004
22757563
21018552
22847803
21871475
25369659
24024005
21008230
22250580
21530383
21449992
21580038
24751445
23587569
21610941
23364873
25783589
22572082
23283597
21038757
22043303
22915143
21441936
23047983
22656718
22337436
23866657
24329033
26001071
25529132
23757431
24344918
21919705
24468288
22807365
22573189
22539417
25591105
22178644
21230095
26022721
23908390
23148764
21794112
24361490
21996421
25105485
25606417
23758797
23596619
24942609
24484890
21947215
21950658
22736247
23839507
25135455
21775295
23087527
23798371
21455404
23039676
24681973
26012519
24790533
24811663
23062024
21601643
25230609
21661295
25388784
23555412
21410170
23883601
23725199
23412621
25226962
25917543
23495156
21524834
21005220
22223336
21548508
21537403
21467260
23596731
24509100
21441563
22259464
25868075
22972498
23164912
23885937
22801510
24741108
24130210
25952920
23612910
22055821
23799411
21935258
24008901
23664922
23481996
25541534
24815430
24694722
25222691
21411569
25081604
21635057
22620862
22637178
23152701
22926666
23957690
24279571
23323642
23892030
24713102
24067295
22495198
25483498
25008425
25831767
21529420
21605021
22723719
25641148
24343870
24945744
25535155
21697964
22715034
22539606
23038456
23029523
25363715
23384315
21671504
24558016
21351750
25161290
25817704
24693416
24988540
21272299
22035182
24918959
23121144
21978588
24420522
24261708
22586689
25375216
22927208
25349998
25782669
23404863
23012448
23389197
23250472
22624214
21949060
25180406
23045323
24391562
23514764
24681539
21950119
23896342
24388191
24434600
22148951
23040197
21011341
24896287
23399376
23360927
22492277
21055495
23061029
21908263
25971032
23322255
24629132
21802193
21000657
22728467
21711483
24310361
22310415
25595891
25740952
22429718
23235875
22144200
25706125
21617757
25562675
21266232
21416231
21897090
23514616
24202647
24924308
22099009
21368308
22885527
25606376
24190521
23143640
25117253
22016209
25259930
21978004
22178030
22565909
21323865
24847776
24823154
23383673
25833494
21459765
21052863
23540087
25119853
23089818
25501738
24759810
23259808
22905707
21681225
22071314
24117980
22095758
25874492
24678232
21596030
21257241
23542023
23110218
24185594
23601199
25900561
21596191
22508136
22822844
22549768
21272523
24783740
23017286
24914457
24348815
24138590
21985168
23424796
23257693
24103143
23169157
23932243
25251239
21161166
23743843
23856307
21199324
24705991
23551776
25314316
21302151
24780003
25038071
22328952
23749103
21027055
21188674
21591623
24339796
25132294
21040398
24336561
23366587
21641574
21208993
24870907
21962613
24939218
21029045
23847075
25309842
23683353
25029714
22744870
22692482
24121765
25926178
24168417
25031393
21467120
24661325
23043037
22463216
23692843
24229657
23715802
24164780
24487855
23295045
24612191
25300853
22842796
24303034
23275099
22771246
23572496
25646545
24423297
22450753
25142850
21524937
22687676
22319802
23724086
23757038
21812210
24933735
24014385
23262784
23399150
25170173
23623529
23694738
21577413
22098684
24503668
25493363
21656459
21900773
24546800
24444348
22000993
22999062
24308535
25365347
22481933
24722546
25243312
22715516
25577116
21687329
23603273
21038696
22713575
21977221
23096562
24701993
23993501
21237971
21639916
25644890
23904246
24472857
21255435
22247675
24732399
25162844
21078570
22192327
22559745
22883649
21802649
23603285
21979287
21879290
24847542
23764590
21044762
24841855
21801620
21564077
24381215
25728050
25839254
21078285
21217423
22841461
23622757
23170733
21197880
23549980
24750956
22671584
21287118
25821416
22958050
22261147
21118695
22221822
21705009
25238125
21010912
25574340
21566801
23040498
23743084
25547120
24083553
24625119
21945332
24064869
23266766
21205463
21073395
21087353
25937681
24995010
24298297
23970161
25548726
22686684
24052449
22283685
22706439
23468644
22755774
21029851
25412313
24427012
25641994
24858940
24141025
25451840
25292029
25048974
25270735
24726222
24731262
25265202
23159594
21471670
21216920
23565508
23353491
25409224
21705359
24213148
22306211
21562467
22644101
24733862
22753747
22063336
23661866
23370606
25706678
22253792
23948699
21435765
25794506
25126605
21481473
24472866
25914918
24129773
21202471
25503742
21521475
22762212
23210635
23106828
23614191
24689357
21917743
23332565
22773586
23227728
24470021
25342820
22626944
21082903
25716331
22894994
21673186
23849087
23418275
21565569
22490533
22793416
24186573
25608176
22253688
25210659
21400512
21952287
25277561
24925684
25535084
21879859
22647204
21892621
22483379
23185437
24073110
21875075
23616414
24920980
24882910
22452621
22053412
25081555
21741583
25826118
23006537
23443032
21319841
24251807
25179817
24071481
23005478
25231809
22316918
22901816
25336804
21097380
21291970
21125234
21384255
25344731
24461659
24319978
24042089
21723640
23939591
23894855
25482433
21953727
21667833
21793825
22972885
23136741
21761955
24556307
23248037
22986247
22016026
25261417
25027155
24683268
25502301
25730370
21657090
25145105
24539043
21104124
24236932
25413560
23884181
25754280
23263386
25788960
25438603
25317006
23588725
21466731
23167557
21029453
22227880
24012438
25444295
22251439
23451309
23432941
21755353
23803511
22445153
25381203
22815970
21240754
25410719
21837766
22002101
22237690
22304498
24729158
25417966
25042125
22408782
25446806
21202294
22578774
23375618
21110927
24629549
24059136
25694641
25920711
22982839
24618821
21620949
25643630
22839102
25654197
24905453
24668850
22311453
25994870
22779626
22786521
25265083
25283965
21263244
21534787
24965358
21730087
23494418
21787195
22849491
23343461
22444254
23254102
24157442
21632435
21009135
25685825
25110710
22211932
24234220
25538805
21936029
23863464
24047108
21280156
21293421
24430044
23912609
23565673
25596108
23592461
25794603
23435409
22430844
24482313
24035951
25775405
23397859
22254924
25561508
21204239
25110094
24811834
21831228
25663529
24489225
23267916
25518007
25161598
21950810
23905477
24117850
22708219
22923268
24712911
25301924
22782903
21799820
25948865
24436526
24061463
23520247
22247617
23074695
21369595
24956338
25014307
24347098
25511341
22432498
24296275
25837364
22386671
24731432
24640102
23509670
25290074
23685913
21770635
22243939
21164376
21481012
23494582
24068343
21792998
21704221
22298797
24665812
22854513
21200709
25125907
21425388
23800626
24965725
23177732
21809529
25284175
21234957
25239579
23086497
25435979
23365729
24872208
22886088
23547071
21305677
25481107
25236941
24852570
25896778
24438280
22968669
21680718
24538500
25990307
22380520
25637424
24701664
23698796
24126619
23909512
24969064
25668987
22581290
24869030
23697745
24962854
24398310
24828158
24634376
25517454
21167914
25418183
22916236
22564777
25859931
25151627
24306033
22459954
24131785
25466016
25810066
24866392
23491952
21291714
21973020
22587518
21498946
21113327
25096736
25066398
22671789
25881306
23733184
23664741
22021092
25286436
21014613
24499423
23465087
21417451
22888459
24881059
23967873
23956181
24252519
23316777
21944713
23708841
22998606
22470050
23037378
25142328
23337307
21271519
23744054
21546822
21828007
22959502
23885923
21144028
23010926
24840067
21799669
22173611
24256902
21609816
23382549
25609549
22006991
22669562
24556374
24488492
24841973
21270259
25285983
25492973
21205989
23256192
22704381
21600999
23290861
22429133
23335662
22805182
24546545
22108657
23223370
25280111
21198055
22218711
21087217
22267013
25998438
25299769
23209381
23825142
21596775
25240027
23924912
22162837
22862781
21942068
25247417
22921547
24658663
21133319
21396212
24992451
21472417
25575409
21835808
21736388
22675611
25583394
23670751
21718741
25336135
25424527
24950223
23565843
23513549
21777092
21453211
21337467
22644990
25910559
23698772
22912373
25820250
24184887
22947498
21254368
25975938
23860515
22557744
23778633
22402137
21391307
22781017
23077892
23090834
25402325
23603679
21081703
21902379
22378734
25340779
25634338
21266710
24876981
25716784
22585495
22188882
21340793
21548941
24094535
23623063
25858329
22361911
22925078
24137723
23860472
25888925
22848723
24010597
22887881
24828645
25987371
21811457
21113916
21446933
21760691
25341277
23050701
22479819
24870517
23679868
24935652
22290827
25973488
24662297
22235452
23576165
23190530
25472097
24595906
24473836
24999464
25654944
25998289
24451587
25390235
25255910
24520880
24470734
22029914
24031769
24411525
22788049
24110889
24109457
24085134
23476691
24728280
22902876
25245980
22156382
25616345
24725743
22527042
25958176
25661863
23531471
22850991
24337136
21318145
21667627
22859484
23418133
25410391
25936698
24394461
24044076
22261933
22959829
25767148
24672493
24591954
23343160
24772014
25032442
23994614
22945994
24562136
24501693
25614685
21941265
21772556
22625242
23231170
22260731
24979560
25174335
22485319
22869774
23936061
21601772
23135630
25874507
23448271
25222666
24729813
22985370
26009270
25128628
23506144
25556564
22664693
23915720
22437636
24229600
21583685
25623604
24418958
23504145
21672622
21993292
24904218
23564113
25703236
24335821
21254216
25494051
21799040
25332588
24670581
21721991
21097644
22719474
22672290
22780994
25328335
22844786
23028145
21788420
23216273
22598186
23424135
25733983
21773116
23938463
21548118
25046454
23502601
22583919
22652899
22125603
22112971
25594402
23005501
22237048
23073850
21966486
24439776
22219724
25036050
24899540
22314266
25456647
21519486
24023466
23204126
21233998
23729416
23808974
22288137
25624212
21387660
21902522
21646984
21522634
21286943
23627025
22228289
25210362
21902327
21776387
23455111
23703925
23432600
24007113
22149585
25128463
25539063
23714927
24252168
23667541
24050193
24595671
24359953
23176484
25602189
21367429
23747037
21715613
25846333
25073393
21679585
25055648
22294438
24081634
23899061
21962596
24993841
25687284
25445214
25607464
22051435
22286830
24382293
24245228
24672039
22621269
22908846
21061053
25670857
21329421
21539259
25183460
24410412
22748871
23882234
21637172
25916000
23985232
21599890
24547127
22429275
25295806
21144777
22810254
25558942
24160236
25175483
25254203
23051456
21143164
22901684
21564399
21664322
24623910
25115282
24877541
23124074
25095767
22194539
21359083
24533125
23217824
21840980
24482847
21421101
25272440
24201682
21220174
24522776
21607562
25187071
22135797
21653371
24328689
22477991
21601135
22713223
25424580
24835763
23027024
22679220
21590303
24672600
21001920
23606724
21046630
22492766
22314436
23297170
21840097
22547477
21842176
24285404
22008432
25083419
22460700
21426742
22883145
23852657
25837549
22342970
24156482
25947472
23773390
24460144
22937428
22657131
24933961
24992810
21549114
23336159
24455347
25775256
22186179
24257394
22058390
24314878
22540602
22509018
22349730
24876241
23037153
23526159
23376510
22624503
21314430
23212426
22529015
24745961
24915378
25453876
21115859
22608433
25405006
25452285
23070050
21727025
25268617
23412774
21073379
25455469
24581303
23278087
23355843
22259915
21275069
21871680
24607732
25025876
21927377
22231805
25183333
21047722
22573779
25563108
23363692
25660472
23927735
21765458
21640336
21045650
22030496
23055088
23792658
21632920
21414025
21702626
22697381
21929922
23451376
21681675
24888845
23119184
24416763
24045901
23193499
21992571
21320389
22079874
23828789
22007642
24107846
21549129
21177861
24762504
25583092
22075336
24016553
22552541
21521796
23985710
25690038
25224571
25268871
21355946
23877446
21489380
25126228
23696206
24251283
23492706
22689396
25998360
21837946
24287934
24180881
25646779
24240500
24701919
21699840
25755503
24619077
23975912
21384026
21295246
25606728
23092541
21308096
24652746
25209555
25798034
22601847
22079523
22155199
23199109
25329012
26025070
21981899
25279964
23885905
25306457
25189122
22704893
23702092
22349697
24432967
22302294
21422715
23431871
25731086
23195713
24181048
21371816
22728974
22310263
21375055
25790169
24976064
25971801
24292220
24509496
22081516
24282645
23074503
22757587
23711064
23597632
21357953
23831747
21564711
22726877
22327530
22919628
23956357
24439624
22673289
23085175
21716400
24794828
21168154
24357882
24036962
24072997
23166126
25262724
21094974
25139017
23520413
22138958
21285386
25934788
21174349
21955267
22380313
21108022
25121522
21161250
24287249
21434921
22229215
21934623
25205676
22752809
25823819
21124619
23746591
21287281
21396092
21036779
23447732
23451945
24531042
22482131
25613349
23729106
24995629
24396245
22499142
22447264
23261996
25378748
25312190
22300104
22433840
25784952
22214057
22290864
22728982
24520895
21607777
25654336
24484993
24947638
22460455
23006559
24852174
25757384
22549863
21301602
24117594
22183507
23205346
22732509
21441119
23913072
25727772
24857558
22102201
22299392
23472805
21266988
24041022
23011545
22643382
21920013
24814945
21165039
23465915
22641795
23360046
25849839
21845409
25524136
23619027
25821669
23397277
23172995
22908274
24405573
24176349
25206111
25363192
25991499
21396915
24665306
21360395
22418442
22938794
21610334
25452037
21317484
21339684
22589370
21586196
22834098
21688005
25930833
21479776
23819952
22333632
25637879
25845207
25433852
23670333
24434493
24262280
25770091
22594564
21711512
23863394
23545571
22104823
25888729
23203602
24241373
22667313
21662762
21094424
21549644
25329097
22484004
24783577
22514946
23413476
22197273
25900024
21110262
22614634
21732141
24548199
22037275
23292713
22528996
22173643
25943460
24326871
21839680
23204376
22421901
25514036
24990965
25913030
21186522
21820903
24654505
25395200
23081055
23186012
23662874
23724832
23085011
23388808
25028225
22500098
25597631
23656018
22968698
24348747
24933608
23729973
23210669
22317892
23291216
22838089
21273576
24328116
23724955
23548884
23709865
21805786
22659140
23848444
22482334
25415852
21928766
21171307
21521664
25219065
22058127
24931478
21216022
23973812
23827842
21319432
22064586
24062459
23183201
24685877
21688318
22626375
24788135
24901786
25358400
24543688
26002425
25845740
22079275
21246223
21485828
21605219
21212999
22031973
21665068
24866113
21093293
22582626
25404832
22247845
24254535
25069985
25492932
21668668
24975764
24849082
23009233
21599042
21527259
25916029
21803688
25911845
24590714
23666740
22071996
21821243
24778356
25807468
25072203
23841157
25909231
24132607
21728340
21721539
21291550
22596820
25401289
25993814
22524075
25801222
23292316
24830117
23988077
23863591
21502988
24991937
24224353
21685696
23164476
25291655
25392136
22707582
23150225
25237911
23938894
24962255
23056349
22266188
24179884
25467958
24767126
21721770
24955689
22684749
24305761
25740693
24451917
23336939
22434038
23117501
21696666
21346317
25622254
25176733
24094714
25554448
21566839
21199393
23985784
22074761
22551584
22648725
22085374
23851076
22797590
23022924
22584158
21638424
25372279
25645715
24501943
22108806
25135043
24170355
23829988
23927654
23646669
21550928
22723788
25343291
23829589
22643872
24902819
23937315
22848576
23230691
25022996
21702914
23200730
25858461
25707054
24511745
21960272
24902949
23566593
23552976
22549887
22901027
24148852
21339011
22796011
22111883
24941073
25781079
21927271
22914708
22296981
25952201
24949848
21756986
23675048
25656280
21733127
25641586
24366665
23716580
25183844
23048269
23745236
21547949
21960588
24206583
22053778
24943488
24603544
21287346
23508170
22425659
22550191
22372537
23276792
21072039
22655746
24592577
23597648
21418250
24385203
25381443
23615607
22882262
21198128
23537567
23522682
21978502
23388719
24723669
21035053
22377038
24512169
25059360
21106852
24880865
23502117
23532087
21217584
21710350
21255593
22331085
25184777
21902721
21689712
22393886
23699948
22406217
24734700
24874769
24793480
25433242
22674014
23822813
25762462
21518764
25963051
25452796
25770341
25259141
21450982
24205454
25075937
21039055
25881465
25434143
23385911
23610000
22925436
21005300
23783050
21001524
21488047
25733759
21691957
21860802
25322198
22769307
23581284
21264199
22082963
25969479
22462241
21446591
21790068
23984280
22833569
25820311
21027802
22768034
25288691
22267651
22412396
22166935
24406255
22490352
24121440
24227531
23354902
24191659
22398056
25961655
21835366
25957726
21756212
25006476
21614958
24421036
21636930
22496312
23545637
24577468
24729254
21470044
21734456
24775259
22308363
24800262
23056831
24886068
25271391
24709569
23744180
23246295
21863083
22492859
23711290
21449498
21483580
22707215
23325900
23972192
24395905
22248575
23933046
23633152
25333300
21299084
22531829
23675531
21720590
25525000
21990021
22033683
25497434
23242864
24438145
23850003
22315777
22678189
23286564
23488091
23584031
24323065
24918676
25466611
22087031
25008156
25295600
22252446
21464093
24393785
21052831
22685033
24171575
21545489
24299647
23306653
22537356
22493769
24214764
22689051
23028622
23044850
23160442
22073494
23904452
22907295
25645471
24184510
23368421
21269620
24939730
21563045
25670678
21529535
24434001
22470366
22007125
25766388
22029613
24727812
25506338
24030347
21133610
24637106
21001284
21382683
25337480
21334213
22137072
22345135
22294246
24442020
21922252
22878646
25973053
24416068
25286016
22916720
23821752
22828868
21653878
23032567
25922062
21852455
24873412
24268277
24790851
21106998
25477409
24321983
24223141
21591891
21512222
22821639
21445731
23545112
21526594
23459290
24938134
25614260
25177869
22951434
21696508
24520632
24742377
22021798
25242916
24103892
21731939
25877063
21809585
25380236
22627245
24700509
22313560
21045553
24418977
24485704
25933535
24525730
24181130
25136759
24584082
23131252
21730406
21574178
25438579
25234412
24204073
25144750
22511807
24761029
22936665
25994981
24619866
21916361
24147087
21202935
21614830
24935784
23167675
21113235
25355472
22723862
25469736
25433216
23329261
23080813
21575380
25098075
25969165
23683671
21785312
24611335
23580852
24764991
25636523
25219998
22899934
25354263
25193910
25994783
25701395
22804369
24145917
23420116
21438545
21536756
21193955
21423851
23855903
25337735
25848979
22424205
24777863
23857996
22222538
21162313
24142502
23251770
25498241
23610279
24184607
21838054
22560452
22565015
24940027
24522943
24802402
24536645
25268713
22555679
22558660
25541229
25197212
23430104
23714025
23287615
21253481
22891174
21096183
21625706
24302544
22889772
23991928
23760243
22785534
21291912
23190272
21321426
22325692
24900753
24555598
25948434
21759482
25038439
24831509
24823080
21158998
25811273
24620481
25077354
25388266
24100381
22225674
24020314
24181794
24728279
21094205
23649085
22322289
25927999
25790739
21599739
25290506
24429314
24125572
23529346
25544937
22052763
25150828
23329925
25767959
22698786
25484960
23071923
23456299
22735346
21645986
24827660
23854891
25232526
23558926
22089522
21078945
22098418
23254029
25655574
21795653
21582994
24776752
25805360
22542733
25303752
23328342
23219250
22924587
25861383
24801548
24925507
22563607
21704952
23983949
21268811
21014510
24892596
22901064
23352446
24180006
22551017
25310010
21708846
23233167
24782242
22655111
24794279
25519814
24525972
21428462
21087841
24860844
25826001
24507557
24596990
24629496
23547327
22925796
21518103
24014490
24353802
21812004
22795426
23114890
21923523
23682167
22421123
24004111
23323659
24806295
21050383
23768394
24817539
23471423
25499419
23471293
23426498
24020984
23524882
22791702
25335563
25781418
22955068
23771821
22880777
22889200
25072566
22539475
21201636
21105094
22198263
24486228
22705218
23958343
23944960
25954766
23647848
23089596
24196549
25383803
22751079
24684760
24636519
21352673
21159067
24818222
25961775
21231661
24367379
21343396
21169101
21266107
21140009
22921361
25143801
23856398
25778529
21631559
21040742
21507916
23792810
21790731
24265786
22344705
22432637
21853479
23185288
21682838
23962316
23968624
22828002
23707272
24482341
25317912
21466826
21440136
25951927
21037613
22929928
22340250
22870302
22433579
25723935
23826803
23131057
22903475
21719492
23441004
25165427
22574395
23383790
25442204
21350003
26026381
22523632
21659604
23634508
23319939
23081867
21105421
25449730
22287606
22624858
22704009
22244324
21354918
21002046
23299264
24578960
25000802
24888139
26021374
25359382
23296698
24949482
25259483
24070484
21508999
23018809
25153885
21921825
24171880
23081683
25966727
24079821
21163906
22212079
22416250
23360190
25468508
23728023
23309299
24120759
21863607
25969360
24920122
21150844
25078414
25514596
21349110
21395068
21001706
22732954
25940683
24995370
24229838
26002193
23814733
22290072
21028761
22767090
23657611
21499359
25269117
25246961
24904458
22276390
22330418
24391471
23031927
24220779
21653258
25378162
21440117
21382246
24420586
23648602
24292883
22129113
23918329
24175395
23831679
24169224
21339757
24746883
23918263
24422647
25194837
21977365
25674158
21335106
24560185
24636015
24586725
25828383
21511180
21184378
23093867
23630707
25458227
24119477
23326560
21008099
22243821
24414631
21378960
24374311
25343945
24090820
22939537
22758352
24046439
25211881
24931863
21096766
21482944
21476356
21507024
22185352
24957878
25853205
23707955
21609860
22743004
21266680
25108050
25211140
24999076
23487496
25799633
21529038
21956835
25811169
21850736
22509713
23361958
24858243
25723673
21686156
24454746
22684325
23501230
23551275
21895994
25600985
21742196
22289660
25861891
25578765
25648997
24467324
22094902
24156659
23480713
23246962
22115885
23500496
23278427
22795848
24347074
21785223
21233790
23052713
23811996
25301643
25544721
21998941
22894298
23601639
24316285
23906655
21835449
23052782
21053169
23756558
21537917
25669603
24400779
25962211
23605617
25898611
25062493
24939756
25289364
24786188
21708213
21871273
25024465
23201981
25112020
25348338
25959298
23331418
25926603
21003555
25154439
21725059
21576478
23005768
24154627
25071187
25993963
22036109
25942229
22243984
24591497
23460642
23243484
25927839
23636319
25342271
21466046
24395558
25228169
21288958
22215285
25011547
21526301
22955283
21671379
23070603
25961401
22650801
25851252
23084321
22005088
25903654
25079794
24826892
21545828
24642996
24842319
22847868
25805480
24291597
23117358
24796303
23745089
21239848
25938688
21031282
23424849
25554807
24064186
23590156
21009273
25624076
23423906
24988281
22992445
25714696
23219740
22367990
22693899
21542450
25308128
24934884
21782341
23072307
22415105
22852498
25013438
24148120
21558610
21626140
21681378
23125775
21022296
22472828
25500039
22342455
25949505
22653992
23379839
25087568
24109301
21542426
21985987
22911877
24140929
21560671
24921893
23741847
23518475
24705584
21029235
25343747
21568113
21006586
21047685
22707946
23274338
21549100
22312066
21426048
24884721
23286756
24427898
24267315
23099142
23734171
25871995
21659940
25572303
21492563
22758687
25191693
21104760
21089580
25202529
25301436
22282870
22169013
23504690
22300656
25850859
24178656
22899639
23281117
22412720
24867845
24203915
23467489
24303491
23772967
22012855
23576636
21674408
24389334
24100479
21796884
25689896
21942619
23596236
23636970
22722265
25658285
24575726
22984589
21780511
24255936
24673783
24360203
22838429
25565338
25782797
25942924
22982716
22641308
23917141
23682057
23715147
22559137
25690108
25709165
23120597
25900093
21565925
22968304
25208429
24467628
23832366
25927661
25324096
21861756
23333503
25314031
24896160
23524149
22182514
23658231
25857902
23838798
23985150
24494413
24241612
25134659
24277728
25135080
22114554
21868130
25269816
25820395
25579377
21537313
25351325
24846749
22390210
24437609
25219926
23710354
21498513
21912683
22176817
23462245
24179085
25213273
22877503
24946871
23985597
22270606
21323102
24869834
23388074
22243771
24842541
25736754
21893420
22852743
25497497
25139635
25641717
23188289
22670586
21991787
25247747
22804156
25334290
25208744
24008984
24975125
23354546
21020099
21294372
23218583
22018889
25432207
24814796
21252695
22801863
23671186
25442639
24431181
21918097
24151504
24278231
25355618
25608096
23113051
21381806
22690111
23590604
21545884
21505375
21776141
23295868
23382274
24612298
22820780
23369322
25384296
21104658
23809692
25238272
21702143
22198651
24673024
24600517
24616225
24158582
22485665
22525906
22706447
23576479
23223176
25290668
25335615
24055460
21706538
22256660
22459145
21472257
22084258
25923849
24592465
24128591
21446479
23911403
25972577
25214046
22474320
22749526
21733138
21529628
24797523
25913157
22365760
25879959
24674474
21631619
24397832
21929514
22629381
24427874
23078610
25707179
24587317
22075605
24441084
23626648
23344302
21708803
25561351
24309726
25363187
21880920
23562509
25136690
25135136
21547915
23940295
24857395
25274402
22381059
22356601
21647279
22079898
22282549
21630674
21103500
22848760
25004346
23523016
23990636
24142399
22297222
21898089
25786527
21585051
22172831
21787083
25428025
23899738
21288203
24193983
24456986
21367372
24330790
24735999
22527266
24106946
21508865
23225964
21158096
23136212
23914219
22119979
21136641
22494781
23746741
25074767
21271588
22608276
25229054
25699189
22524267
21282506
23905984
22605688
24981619
21058056
22868541
22880467
23101464
25843647
24748114
21151473
24610714
25347073
24140682
24117787
23669107
22492215
22027116
23322552
23139738
25804240
21121672
24513770
21276504
22559422
24995084
25509229
24987153
24946139
22073682
22701228
22376561
21685647
21980031
23345520
22600108
22678779
22240271
21267871
24869620
25882434
21072583
23802530
24943521
23958173
24569697
24606846
22861306
24916433
25392290
21245499
22284650
21404965
23169002
25482050
24038005
25645950
25037374
23586311
24935150
25978142
22272856
21776016
22814103
24157271
24571805
24279795
22824980
25133812
22742817
21866989
25296909
24053086
24302723
21612365
21727578
23673332
21460412
24806313
21714515
25546115
21125774
22299320
22136813
22934072
22296250
21056595
24684737
25594205
23466194
23613413
23303040
23337828
24880014
24094859
25604463
24729938
22267603
25521720
23809071
25055600
24143821
25430064
24320249
24619317
21192668
23414116
25994484
25474196
21424976
23926858
25612174
22236255
22032258
23256303
23308326
23361147
22044437
22273215
24570678
24789929
24932011
25193928
25603231
22882491
25466060
25016632
22255131
21534656
21949113
21920875
25911165
21439947
22114685
23727181
22550298
25700506
23334516
22781797
21388979
21173397
22358227
25253908
26017621
23957940
23100299
23457715
24707895
22836075
23263607
21552403
23699256
21409102
24609436
23197794
25675153
22244043
23464240
23281011
21419536
24034909
22405083
23141725
25340711
23758138
21328547
25994401
25420363
23477473
25297553
21567538
21940691
22680044
24278373
21422216
24473953
24463489
24053399
25392881
25366009
23984587
22048026
22315325
22189828
24321238
22080553
25411364
24778569
21353504
23717544
23978285
22793973
21579677
21215879
23144847
25675031
21245861
23353149
24937158
24482279
24887467
23202057
22010623
25518035
25217828
22899507
22303783
23298122
21018756
22214847
25511335
21600279
25861866
21238697
25691518
23839766
22515649
23422313
23522304
23945844
24549699
24960781
24888246
24903696
21893878
22439114
23534603
23762255
25611041
24525041
21321201
22677630
22384522
23441779
23251315
25883328
22657278
21738130
24102408
22565832
24695706
24020579
25635478
24883170
25827964
22756194
23105108
25197342
25928056
24195276
25164718
22735131
21092232
22116729
23517404
23745505
21860479
21439730
22477361
23189541
21499699
25910787
24566346
22028919
22377569
24390627
23122591
21168526
25047212
23249390
21971957
23401470
23383445
23715184
21170748
22881239
24213868
24871623
23414348
24215601
21479372
23221576
25650068
25203367
21535427
22668439
24330488
21133837
25182078
24551305
25487786
25306122
25845618
22909259
21550366
25045412
25558250
23061280
25847873
23239804
22104791
25633317
24601340
25620192
24737548
21424545
25409333
24743534
22364222
22932462
24514402
25468281
22067047
23029097
21583691
25314922
21315832
25485650
24700156
24364397
24809017
23430339
22458115
25087930
25471284
21436163
21367578
23927076
24592282
25485966
21930671
21021841
25957662
22135390
21049860
21490142
24610773
25839149
23909141
23707588
23384195
22659095
25340848
25281262
23905928
21804710
23869276
24218214
22122755
21843775
23442070
23229556
24254140
23761363
22981274
25024618
21420602
23295577
22814987
24240726
22422248
23121456
25013819
22856956
21299926
22445128
21763085
21033523
21359106
25389405
23551429
21903419
24114252
22351543
25482160
22313310
25764223
23718157
24717837
24959363
22513220
21393657
22906724
23863289
21450467
25338666
25477108
23588442
23849305
24324584
23114229
21914490
25373221
21777378
24826315
24130987
24966158
21898964
25791758
23663124
23958558
21836030
21266534
21423868
24903628
23849933
24231758
25150374
25475984
24271872
22914298
23376855
23624280
22807911
25437331
21438642
22466774
22779245
21321090
21551380
21340220
21766338
24364895
25216142
22298674
25199889
24763445
22691347
21770036
24201932
21279392
23574143
23670553
21150957
24903970
25878599
21237638
22334991
24534676
24363230
24857978
21054275
22864059
22968932
23477046
25601776
23109075
24542243
24240009
23175404
21690851
24872217
22537729
22251269
21159846
22259774
23865309
21680240
23356800
21187006
22370554
25935736
24026706
24775155
22840769
21026392
24603489
22261427
23908957
22300559
22035701
25969359
23450716
24329272
26020356
22319297
23680506
22521576
24108847
24727754
23755329
26013332
21339639
22691275
25975835
25388436
24972833
22997477
22913814
25956858
23099433
22153484
23545134
22199086
22392099
23103088
24001238
22671892
22844600
25623341
24445447
22412025
21813580
25205923
21186352
24905736
23397748
23910431
21602899
24569244
23850938
23505815
24853797
21640170
22762031
25052604
21094131
26021468
25487187
23602669
22515853
21742802
24249122
22268005
23529131
21618855
25944722
23352604
23149477
25707304
22241161
22605301
23941392
21327330
25191396
23347452
24882756
23831318
22849667
23518454
24859578
24172443
21278111
23065667
24685638
23979062
23855925
23682760
25437107
22212290
22872590
25220372
25172859
22480236
24100495
26000255
25093723
23390471
23554330
25995768
24443859
24881858
25778636
23515140
24764377
24838939
21681087
22345081
21478130
22247977
22526893
25015094
21040649
25400115
22957392
21181694
25200174
22743210
21598948
24324887
22819021
22536586
21675811
23197156
22609058
24270757
21264970
21117793
25620303
24740284
22233454
23492189
22635639
21868156
25426820
21715322
24232184
25662823
25338614
24743822
24062099
21014973
25306339
22688936
21355286
22350871
23552918
24525808
22060171
22988700
25596842
24592812
23078418
24477933
24758964
23020621
22195051
21523814
21288741
22991735
21413291
25407767
23318944
25723216
22924014
23977486
23631854
21099012
24497209
22990792
21370780
24662020
22746070
25855560
23238725
23554258
21897383
23684606
24500584
24445484
25316410
22603109
23452996
21003326
25073027
24924931
21048297
24913462
24143702
22587690
21856430
24992156
24320785
24528361
21612720
24054655
23666846
23827550
21441896
21006533
25761719
24695678
24050563
23516760
22275024
23692790
21866492
21085266
21251181
22607902
23069944
22300122
23476237
21087688
25913504
25999290
22285186
24307831
24186774
22559461
21608774
22548503
24350465
25362533
26020859
24593806
22588352
23849888
22405966
24826127
22543740
21798804
24198596
24169358
25803042
22302969
23624119
25653851
23700214
24725873
22548886
21365627
21508896
24543693
22521781
21006067
24669896
25927102
24348886
23823193
24070717
24036615
23388404
21991299
25640646
25448265
24374960
25952955
24129903
25988770
24833001
24575495
26004107
22107411
25151475
25305892
23952442
22397335
21071031
23420209
24515336
22531556
25796442
22301018
23344989
24912635
25440868
25409501
23435140
22681724
25804869
25995245
21641601
21926829
25314802
23477236
21367365
24695407
22422440
23838101
21275689
23752624
22332298
23665255
22412787
22723373
23448712
21216090
23959163
23809981
25853941
25982979
22140745
23138159
24321102
21985829
21124807
23945423
25768999
25349517
22234869
23192288
25438668
22990051
24926412
23926652
22500159
25926745
25130826
22520700
23246171
22827398
23955018
22299680
25303616
22936878
24510922
23709124
24759908
23505169
22405712
21655631
25019552
21724872
23135792
24951112
21242700
25308378
22810208
25065277
23550224
24588473
25044968
22391409
21307893
25776813
23763711
24097735
24275979
24832618
21083699
23793835
25238210
25002930
23665972
23430384
23141831
25440298
25263399
24567807
22552601
25977919
25597401
24293228
22207721
23051998
23621914
21692492
24660747
24753647
21547270
21077194
25578309
23599431
24580695
22152096
21389403
24773034
22491138
23821800
22591864
25237516
21400355
24122461
24189112
25964135
24315615
24347357
21108519
25748627
21399920
21890993
21103585
22793021
24872619
23557654
25910938
25441333
24241793
22879955
25810032
22401796
23093741
25511847
22248790
23683602
21890214
21783122
24455485
21430114
23231857
21278036
23516884
23285196
22981213
25387433
23931282
21645101
24416505
25342528
21536697
23766301
23611503
23915051
24288746
25990085
25596816
23316176
23804912
25805990
24062991
22742580
22545805
25868547
22774340
23465289
24932154
24512695
22583597
23520498
22331794
23779177
23686284
22864483
23854795
22213101
24218037
25266301
24212028
25028411
23688064
21853707
23795216
21626290
23506508
23348575
22579816
25421278
25553988
25179527
21388365
25958777
21721553
24622588
22742142
22783394
25853704
22091311
21083683
22970423
22857904
23066617
23789620
25299031
22982206
23131171
24021311
24622004
24788023
25926965
22582820
21131913
24987018
23277508
21185767
23009766
24151472
22223659
25024191
23599095
22740940
23969468
22536923
22546658
22855759
25095928
21181800
24194557
22078341
24085474
23547631
21815425
22719909
23748385
23573065
22572300
25194204
25269095
22700471
24006234
23813669
21141449
22062209
21914231
23420579
23750176
21292481
21743233
21455035
22264944
21342167
23704862
22384024
23342891
24330575
25322023
21411249
22844488
22836083
25251189
22686154
24948506
23596221
23637644
22653239
21231243
22251937
22189335
23909988
25700181
23758349
22725865
22176357
22727289
21468165
21947970
23185831
24603716
22673055
21757037
25288053
21025057
25642066
22172641
25550752
23490985
23736223
23933208
21316418
21919057
21907309
24156944
22966994
23578788
21364518
22737876
25104547
21548303
25173888
22676517
22428238
22575703
25803877
21682517
25450741
24798637
21295888
21046869
21509310
22074402
23022078
23197280
22985562
23453743
25503604
22182337
22943183
21258781
21351933
22942153
24659402
25834303
25314270
21633069
21286046
22244290
25718294
23947237
23702802
25387082
25313206
22053853
24207301
25902628
23847377
25325706
22420585
25124182
25278975
24945709
22430641
21587589
23134844
25767978
22487116
23670315
24304462
25678558
25789540
22732828
23107458
22635183
22361158
21446819
22828380
22231324
22926294
25504961
21617140
22520823
22744717
23828256
21647847
22255260
24871134
24188697
24091161
25879093
25822302
21387616
22065416
22136581
22141897
25984514
21758366
24810404
23600474
24282980
21981564
25348173
24078918
21508742
22236901
22884856
22619382
25950062
25740906
21368944
22990473
23956651
21739414
21188607
24363021
21231759
23554684
22850613
24966898
25338895
22380921
24939287
24343132
22273095
23648254
21624941
22303994
23547754
23746394
24744089
25660586
21138473
25941527
22256482
22963000
23652250
24086785
22969967
26001960
23433352
23266647
22790480
21332123
25705001
23716422
24732743
22912580
21325527
23250937
21001441
24012636
22890066
23909886
25557962
21105113
22522311
22953666
23413038
23344696
22794303
22217835
25868809
21528741
24648018
24160485
25636979
24380987
23060791
24692174
21056972
21250411
23512926
23991634
23883766
22199681
22207093
24110631
22604062
22787177
22472759
24250230
23225485
25594471
21460677
25641870
25328000
22196480
23087767
24031824
23080581
21578473
24279399
25895249
21696583
25378356
22550846
24830006
25976726
21228693
23730981
22448942
23685950
25851839
24744328
25491418
23635474
23859271
22014262
22921501
25593202
23980379
21268389
21356307
21026956
22724121
22786430
24265325
25306051
25259886
25822418
24323155
23402241
23322511
22575267
22892082
22518926
23245233
23232645
24209511
23005111
21299176
24229950
24406668
24086463
23176960
21782872
21187324
24505917
25794612
24136730
25669564
22968613
25925856
21799596
22623581
21606813
24763562
21184411
22528634
23067214
21475660
24165027
25527977
25560023
23175965
25986428
25669612
24173393
21047389
21359195
22757341
25400372
25370564
24700398
25065204
24711004
23444782
22745333
23921995
24153051
22815121
23213007
25095486
21888352
21263137
21922073
23072587
24657193
25728875
21371823
21590811
21050435
24422233
21496764
23002348
21958557
23650290
24605972
22351142
24186342
21788043
24706177
21077490
23244545
24245435
23989996
24597126
22340056
22644270
21078886
24289363
23084340
24988666
25711432
22485823
21935766
22050402
21521680
24641169
22764883
22370926
21007912
24101996
21680429
25145329
23433868
21828817
24325025
22492823
25743978
22759028
24403150
21958782
21829450
24192328
22652007
23705056
23099745
22426805
25218132
22550379
24872980
24367395
23164038
24583140
24057974
24922657
22621067
25261392
24675199
23323944
25278649
23713886
23600469
23892056
22719004
22935556
24374981
24751072
21163262
24814534
24252800
23168065
21349769
21372539
25799544
22441492
24990391
25671476
22121469
22874008
22927943
21648916
24708750
24314729
23895763
21873530
21893183
24402985
23643154
23831309
21458809
23059497
25112532
23871601
21898792
25379557
23911518
22789007
24181119
24950600
21143751
22918557
23295897
25863102
25489043
21809044
22704782
25844160
22983466
24819427
23905458
24197222
21115925
22240293
24139242
24929674
25072305
21217703
25034516
21485085
23504243
22295178
21514206
25079576
23701402
22533374
22415461
24587103
21725638
21857122
23439195
21755693
22928058
22340942
23431845
21619454
24711321
25598497
21026023
21653043
24814376
24121232
22410758
25242067
25146484
21851361
24890795
24105340
22620580
24549101
22818436
23478545
23131686
22641061
22353966
21135311
23578357
22262312
21762731
21696648
21832051
21976402
21642584
22991172
23139727
21347361
21500557
24758787
22098476
23642009
23569128
24569220
21557202
22214563
21348027
23298025
22094858
23865772
21882674
22215060
22962619
22984042
22490395
22912449
25167615
24682748
21111394
25756926
25887572
21730573
23938330
23645241
23174566
23625753
24902165
23941611
21137375
25648582
23877828
24252197
23357887
25605921
23810915
25018556
23846814
22153439
24182676
23308509
24942549
24710120
26004627
21427928
24442234
21882036
21304330
25296987
23923477
21479709
22331520
25541126
23282510
24664965
25608536
23981596
21210160
25065136
22468209
21325697
24419672
21660079
21139555
21575453
23570319
24523341
21030767
22717611
22659444
24437157
21709259
24935023
23978291
21385586
22626125
24679143
24586768
25801393
25242834
25098991
24146005
24306482
23215066
22200009
25068606
23657417
25982763
24119123
25572786
24504766
25715000
21309959
22298036
24434467
24757469
23461925
21579778
26010075
21154748
23310721
25923551
24940791
24705626
24682052
23475701
25998713
22556223
23398386
24466428
24665380
22022419
25540576
24191866
24434614
23329672
25126090
24010956
24172845
25168775
23243721
23207572
24921381
21321637
25413911
24489782
24247379
24530917
24346000
22206420
25553229
22743659
21040000
23242223
22036303
22767450
24481024
24651684
21287583
21979697
24646012
21652147
25173662
25007282
25017980
22533716
21989240
23813054
23907766
23459860
25194117
21183518
24186514
22687338
23821061
24554407
24098950
24604566
21135799
24382219
23096715
25508818
25236907
22657039
24085103
22401877
23101184
24178301
21422758
24650168
24371214
23969497
23734975
25992506
23963183
21475944
24798866
23641657
22856861
22899117
21358462
24564014
22908736
23226139
23786060
21048904
23050257
21178490
23554064
25779729
22826218
25938115
21153511
24608770
21288360
23975095
25918150
25358560
23349185
22005561
22490937
24591853
23727458
22269304
24424520
24341961
21993965
21795550
23507602
24554498
25073507
22089942
24439473
25323539
24992295
25889225
21839804
24007126
24515832
25232476
23466255
23132380
23348758
25592309
24357523
25854572
24013233
22473339
22345822
21678507
23744138
25392748
22128224
21926891
24168993
22067065
25572852
23579004
24678534
24581880
24154664
21747987
21068667
21661917
22572159
22233169
23823382
23410291
25769158
24566575
25910190
23476600
25810470
24285972
23333126
24389648
21701393
23876329
24699709
24819699
25388611
22521264
22619124
25246063
25518646
21679769
22495169
21899690
24500818
25980216
22850361
25546254
24510819
25604444
22346187
24079862
23450705
24686632
24002981
25644695
21674551
21513092
24575342
25093489
23097025
21774968
25689264
22161876
24552554
23216042
23833168
24159798
24728307
21163025
24333000
23830124
23901407
21900541
24097479
21857161
25141340
22035861
24652478
25514565
21748429
23487157
25970997
23954744
23164569
21899615
22440228
25176402
25334842
24294496
25148985
23363157
22990025
23791868
23444092
21459627
23110385
22735144
24893728
21512700
21317937
24491640
25491997
24821941
23775049
21452979
24148998
21258921
21067354
23139637
24809844
21009701
25731004
22990850
23213634
22121681
22029734
24376874
24578439
24916689
21426295
21529934
22130497
25503227
25961338
21310893
25605066
24716484
24833047
24327765
22582230
23077054
21987226
25522530
22994637
23769805
25681761
24322484
23575254
21852011
21502924
25633637
24931021
25878926
24509157
25304803
25674979
21742479
23778057
24372724
25862718
22379753
23304065
24341411
25898285
26016589
22479707
23859818
22587576
21593563
22459592
23213449
23731973
25293158
25448571
21221843
25384426
22704212
24344873
22204704
21017849
25960972
23728611
22718972
21458746
25415488
22632109
22540310
22810240
22719336
21582692
24959081
25839581
25450139
25184325
21712035
23267410
25649933
25521097
24530000
23586343
23035307
25357061
22826965
22513756
23803098
24558546
24188220
22205987
25315939
21586110
22737054
25394446
25766095
23992570
22243178
21059583
23498974
24537303
25508036
23077127
21846489
22755856
21758928
21228807
22359731
24667090
23008769
24962552
22790683
24932409
25013636
22167097
22775878
23970776
24443639
25345495
24405203
21864926
23346113
22720553
22853098
25725372
21828231
21009568
21626859
23907043
22846290
24409120
22877499
25722834
24859491
23244571
24264291
24911878
21529108
22818060
24388207
25642369
21848318
21468735
22626616
22767103
22510818
23314468
22743963
