22401796
25645950
21005300
23382549
22934471
21809573
24067412
21150957
22290827
22033212
24275979
21424545
25135324
21511442
22560824
25891427
24382596
25435979
23400912
22905707
25344813
25973053
25719002
23308509
24764377
24706177
23838726
22757341
25696893
24181954
22361158
24443859
24599498
25306457
25517454
22304336
23703968
23030138
23716255
24659402
22718972
23522682
21319841
25651548
23221853
22288050
21050383
21647847
23763711
21390878
21681225
25986428
25303752
25722157
24443639
25376857
25151126
23803098
22421123
25120910
25775809
24472086
25617298
25038439
23684833
24189556
24612298
25170834
21535212
21354090
22215060
23879237
25385319
22667661
24978171
25193595
23336159
21498946
22466774
23480713
25944084
21913136
22921416
21390444
21859793
21220174
21843775
24610714
24275396
25325524
25412313
22081396
24007232
25254203
25589220
24036615
21985336
22150051
21026956
23615607
22744870
25450735
24637106
25381055
25503188
21396212
24802402
25015643
22086902
23243484
24470021
23909113
21747780
25155641
24872217
21006644
21522634
22890908
23821752
25554448
25932270
23353671
22539417
24851373
25954319
22826218
25952920
24463896
21564077
21360395
21350208
21907309
25335563
25768962
24889842
22300656
25904188
25707054
24171575
22890032
24999464
23003399
25426127
22957023
23133120
25269816
24701919
25796481
21367068
23573758
23556993
22904328
21151473
23383790
22032816
24913355
23531471
25992730
23134271
23883601
22507966
23514616
21252570
21363394
25164718
22725872
23768394
25926965
25969479
21642584
24353802
23860472
24235410
25739638
25317997
23798371
23319486
23612910
21523814
25557341
22229639
24446844
23526050
24903970
21656459
22586552
25608895
21926829
22850613
22255223
24707456
23422374
23742590
24538500
22955161
23354546
21747033
25898611
25472097
23242223
24068687
25357891
25231390
23821588
22411616
25498241
25620536
22955283
25096736
21168154
24500613
23715342
21669354
25944424
25053221
22549863
24306284
21852011
23597777
23655755
21600279
23245233
25130537
24922691
21450941
25630531
23236663
24528361
24140973
22004579
22471577
25629462
21047685
22501002
22944668
21336938
23817590
25624212
25523875
23717434
21307893
23489149
21699972
25013636
22405712
25438767
24229445
23671906
23086633
21571629
23089596
24479114
25172162
25889225
25065175
22642560
25438433
24972200
25969246
21290399
23136741
24193908
24321374
25268196
24024483
23229530
22477991
21129722
23025435
25895249
25980216
23623529
23395013
24501429
24180080
21951436
24883265
21426742
21197998
22130497
23156582
23014782
21081991
23801161
22870095
24275466
25459186
22226602
22735346
25596946
23991332
25081555
24161063
24010597
22161876
22880777
22105029
22810254
23744138
22491138
25686494
22870302
24226255
24087504
22810328
24989923
22742817
21856389
21331200
21349153
21812004
23649085
21887518
21733127
21945332
24509157
22669562
23918263
21052863
23360927
24056414
22149585
22780994
21471670
22178067
25128418
21047389
21626639
24959363
23565508
23411673
22818060
25558250
22331794
21220392
23402395
23197156
23967873
23938330
24522943
21423071
23052591
22245778
22749526
21258520
22926294
22884856
22796785
25484453
22213636
23212738
24741108
24592692
24881059
24168198
24463489
22420585
21288845
25336135
24763072
22264103
23996859
24107846
22425265
23528533
25958777
23297170
22370749
25427706
23119893
21878888
25276043
23764447
22647027
23346849
22581215
21994729
23353254
25010803
22253792
25222691
25619874
21986628
24266189
25541229
23159240
23357887
23840255
22889772
23652959
25936698
24866499
25878599
25511335
25566405
21256154
25153694
25733759
21708213
23106847
25910938
25969165
23187926
22744799
22889200
21142436
23465289
25219926
22248614
21222323
23178040
23524882
24744068
23850003
21879136
23426498
23085175
21938273
26026500
22223336
25688581
23231857
24890545
24864420
21763279
22786521
21790731
24003575
22425931
24769623
23124366
25892864
23899469
23343160
22763038
22604358
21188099
24461659
23281791
21624303
21106843
23341473
23990904
21476249
21551380
23029299
25555856
25578421
21345120
23588442
25535084
25769158
23379839
22324415
23175965
22885314
25322023
21860031
24521049
24618348
25481701
23361305
23066153
21800348
25530433
24321102
25911845
22742580
21467120
22925320
25469736
22273095
24711321
22106611
21800486
25995768
24114940
25810470
25728625
25359425
23432600
22485823
23081867
23759627
22243984
21063011
23215243
25968052
23516690
23655807
25810865
24893638
23346113
25078414
25605145
24778569
23354902
25916029
23839766
25183460
21828231
23209381
23492189
22381257
24588429
21518764
23232645
22868569
21245232
22782393
22392386
24855336
21898964
23218685
25278048
25603836
22162837
23746591
21689127
26000612
21903419
22879061
23266672
25166965
24085375
24202647
23901407
22367824
24145000
21553952
24818757
21820903
24883170
24917737
23562326
21062958
25741044
21333909
25292029
21037607
22959829
25009221
26021468
25135136
21791092
22850855
24484993
24078918
24922657
25394206
21009273
22852743
22657039
23711345
24741222
24142752
24434600
25709165
25705583
23863591
25858178
22924014
21593102
25745388
24511862
23791868
21897090
22775878
22153484
23327657
25446806
24539507
22625389
22848576
23030164
21174349
25072196
24121440
21240754
25436128
23185831
24806531
22978632
22934554
25162138
22155513
23455111
24760215
24623035
25867526
25354984
24332874
23409482
24040969
21258921
22000993
24995010
24837627
23868588
25480130
24186092
21760237
24857395
21422216
22565015
25994783
24858243
21137375
23545134
22023352
25093489
23024974
24160236
22694388
23751210
25674221
21229921
23765180
25262724
23283710
25205923
25238210
21146393
24008603
25457618
25322113
21216920
21543366
21586196
24567429
23685155
22624503
24178046
23443032
21373503
22420360
22912580
21755353
25381411
23627025
23122871
23051998
22079068
25451840
22929123
23043037
21335106
23149767
24841127
24098294
25546254
23948092
23724112
21355286
24912650
25994870
25845207
23255597
24439776
25183075
22921547
22391409
23452996
23747037
25998438
21733138
23065003
25840589
25031162
25085850
25841648
25030681
23624280
23102456
24164780
23978285
21732141
25285759
23263017
22919628
22795189
24847776
22008432
21395068
24675199
21630143
23014165
21712074
23459541
25105485
22940890
24814534
24343428
21488047
21435454
23475701
24568015
25144139
22479707
24121551
21728340
24281588
26023039
24189112
23652250
23460146
24561405
23899426
21163262
21502924
24533545
23252204
21560841
25260847
23531554
24194621
24472441
22726877
25956930
21702143
21890525
25667217
26022923
25109033
22619382
24876981
24558016
21096766
24993841
24593583
25574498
23249083
21199393
23969983
23043060
25851839
21586411
21716911
25440100
25537478
21435796
24872763
21618075
23599970
25008156
24763096
24793360
23882234
25975938
23683671
21804710
21266534
24126466
22544407
23711199
23201981
23814614
25311090
25690541
23223419
21133610
22932462
21003940
25257903
22728982
24045836
24787209
21925397
23118431
23362907
24673401
24255936
23376855
22550191
22525906
22628535
24810178
21581279
23669107
25753139
22436664
21972684
25128356
25521012
25766095
22835692
23086497
23711290
24598458
21864259
22445871
22312954
25732578
21790149
23225485
21661130
23850731
24020422
23714025
25482160
21158998
21785072
23020621
24651582
24119651
21580175
24439122
23683602
22763934
25714162
25211140
21472331
22801224
24857558
25238272
23489624
25499974
21893183
21257241
21472680
25502396
24079181
25253917
21840980
23476237
22079025
21121672
24779246
25805031
21818508
21627590
23164476
24288442
24129773
25612643
22103069
24397832
21496764
23592972
25271808
25914253
21423618
23048655
21558610
22704009
22841461
24427012
21521680
23135792
22991443
23302747
25439814
21151744
23572311
23044869
24556307
25237516
24446036
23871286
24608770
21401303
24310361
22153439
22926666
21851361
23223370
24050563
21287722
21453211
24144684
22243771
25539289
21920875
23715184
21274977
24235978
25022461
24663968
23682167
24804340
24043238
25253839
22454314
21651260
22356601
25503677
24364397
24954087
25485698
21720590
25296987
23598888
24337136
24654882
23512926
25939760
23890204
25690108
24101996
21087581
22743210
22297222
23871714
25648420
21161586
22052911
21785761
24316285
23360046
22658427
23091876
24619866
21308790
23636837
23321664
24360203
24685877
21127884
24798519
25851555
22860422
21713694
21285528
23770147
23572655
22856861
23331418
22801510
22941096
23040498
24484078
22264545
23619080
22443956
25147261
21793045
24866392
22321974
25333996
22071996
21565117
22999075
21018552
23033538
21618844
25197381
24381785
23657355
21580837
23295721
22027082
24686632
21508252
25660561
23106091
25220158
22435563
22235452
25072305
21719492
24490414
25910505
22121354
21466161
21113590
21831354
24494413
22285012
24064720
22357812
21536756
24432967
21131998
25190416
22861379
23899992
22215273
24169358
21102894
23756834
21131838
24233647
25003361
23168028
24640102
24872619
22845317
21008230
25760165
22448352
24916433
21083699
22935987
23616414
22725374
21834608
23797459
21882674
22515853
24843824
25109918
23322511
21090845
21761955
21087688
21153612
23227765
23052172
22099009
21248015
24213148
23647918
23840035
24710941
21217703
21208309
22098684
24501693
24303850
24874018
22298613
23315182
22453064
21626079
21329436
25664999
23626648
22455447
21624657
23784748
24995629
25553229
23404036
22838429
24866113
24397800
21702966
24836933
21220126
21479372
21892735
21021709
24378063
22877462
22633577
23330498
25317912
24712158
25286436
25551261
25132294
24841973
22261824
24542470
25620192
24234357
25674979
23514086
23294142
25623962
25084390
21433452
21548118
24573355
25314741
24285511
25529132
22750832
25562774
24202064
26002954
25855560
22400686
25160605
21672622
23363783
25659712
21692492
21308281
25962073
22405083
24689603
23610759
23800674
23732302
21254368
22476955
23246171
21567098
24570623
25383803
25127333
24358727
22035861
23189541
21181694
21799596
21943326
21869516
23284763
21534776
22231805
22151867
23866028
24332353
22189048
25439474
21426048
24928483
24313098
21978502
25714946
25566703
25845631
25127322
24726222
23195076
24175395
25940110
23555091
24665338
24047108
23602669
25228005
21235602
23301972
25661831
21545884
24302723
21470044
25070512
23270847
23825142
23717544
23817364
21276687
25039843
24262962
22923009
24263025
24193341
24270757
25192049
22823652
21295246
23896769
24399091
21475944
24577468
24703308
21613853
24057445
21809529
22185937
21500845
23899033
24916689
22469399
24008901
25514596
22437055
24814796
24830455
24601530
24171216
22687235
21865795
23187562
24735649
24672493
26020859
25438788
24176914
25079576
25328382
22738222
21297470
22515145
23055088
21852455
23627952
25042125
23397823
23465087
21996664
23213449
24838939
21555648
22548546
21795550
24020984
24946871
25220578
24806518
22925214
24796096
24663714
25500941
22935963
22723050
21681675
24795877
22624421
21433654
23346512
22774058
25535155
24776752
21103585
23977511
23943530
25148985
25866191
24611921
24560428
24102611
23430384
25598781
21146842
23366587
23174566
22082567
22082963
23353149
22704893
25078594
24388274
23596718
24229039
22166053
23139637
23714927
25534701
22089522
22724011
21475681
22018561
21874533
22195874
22307391
21344059
25154100
24863953
24131785
23388719
24806313
21246053
22449843
24530000
25234206
23781353
21522953
23444782
24490594
22597004
22049201
22087184
25266523
21700253
24552554
21181800
25068993
22400865
23509697
21720428
25453423
25669612
24277081
23220860
22401877
24216280
24240009
23168065
21356307
22985370
25308378
21825003
25230609
23005083
25727772
25046454
23307783
23748385
25343971
23658231
21084828
25888748
25176733
22679385
25663529
23974426
23688476
23699948
22582626
24812781
23656798
25146327
21686156
22012855
23972039
21609860
25306051
23131686
25755503
23664147
22600108
24265456
23773245
21168526
22793021
23287742
21788420
24422233
25977512
24622004
25032789
23705056
25453416
25702828
25920090
22140287
22958449
24201932
22092917
25938115
23001436
25688763
24501046
24409120
25271391
21245861
24581880
23993021
21611588
22981213
21464959
23255822
24750680
21795140
23981626
22130661
23614191
22355530
21635412
21137891
21149826
23240262
23169754
24659666
22715516
23185437
23791410
23356800
25847873
23525735
22299363
24957647
21955008
25673886
25519779
23793835
21790624
21999870
24241026
23173369
24451587
24710144
24472857
21535452
25781732
22937717
21522050
23479724
24429314
21202471
24385443
25211420
24935570
25481107
21252611
24483578
21735659
23972722
22191520
24757616
21956835
25343945
22515649
23885311
22735144
21216556
21459627
23406203
21330778
24141208
23135630
21550511
22028728
22270753
25508818
21533570
24130530
25428149
22236385
24931021
23551602
22144232
24890571
23694738
22051189
22216223
24694722
23635623
23724955
23126768
22931209
21025057
22351142
24773485
22679634
21675811
25034448
22088666
25288691
21002104
21014973
25067218
21187006
23561687
25628138
24950456
22233285
22007015
25519321
23283392
24062459
23925193
21875075
25847605
23124883
21669727
25081468
23554258
23109075
23885937
24815430
22384024
21576809
22299392
25324761
21217584
21476393
23831318
25480794
25665126
21786450
25683080
23578821
24903696
22939979
24237891
25911378
22999138
21632265
21007431
24133945
25460768
21490527
25935736
23932085
24641107
22533677
23881001
25421982
24136730
22772614
23087527
21390330
23120597
25355311
24385774
23911518
23401470
22346187
23912609
25964833
22624005
21956221
24056310
25564035
21676567
23994131
25789540
25256410
25786142
22325692
24041265
25299443
23862162
24305325
24925420
22158611
22613837
23009785
25831123
25853941
21652591
24432198
25228886
23846814
23333126
23730897
22298036
23740121
21199729
22909259
21423762
25475580
21140009
21031282
25962211
24956250
22506593
23223176
21613188
25342528
24007462
22365369
22708106
25957726
21266710
24677947
23418115
23376510
25094830
23281140
21239524
24708608
22005561
24179884
23863452
25676840
21296552
22314436
24819196
23430104
21629400
23791708
25046967
25808100
21440136
25456095
22073682
22876139
24943913
23806042
24050193
23504243
21266107
25255178
21537917
23152344
24520895
21287346
22927744
21772556
24510871
21770635
23550855
22521489
23040857
25094683
24608973
21497626
21311595
21483580
24179085
22125953
24958712
21334379
25898285
25539893
23800416
25988256
23414348
24245228
24619077
23601080
24595718
22804853
24904218
24583140
25984251
24633516
24986611
25482490
21403444
23908820
24662845
23022924
25028411
21551274
21029045
24716173
25844160
23912439
22916720
22462241
25309647
24689357
22493824
21919705
24156004
21847178
25161290
24205546
23002348
23510688
22992445
23849305
22350871
24100479
23118859
22481640
22773942
25801393
24348815
25315218
21161250
22051435
22833672
23516737
23085766
23878561
23628992
21611189
25875633
22572082
21812593
24036962
21246084
21061216
22370419
25522112
25955917
25714696
21533568
25360222
23764590
24520072
24707294
23830124
21371951
25095767
25213483
21567689
25215212
22548945
24939218
25609937
23223456
25690569
24071809
21414025
22264944
23775049
22690111
24427874
24191482
24100867
22035701
25497497
21499443
23596236
22883649
22987613
25991784
22991845
22342455
23854795
24988666
23400388
24606343
25610196
22723373
26000209
22129005
23171502
22074402
23345563
24624455
25766388
25948592
22172831
22887823
24398310
21693381
24910963
23319730
22345822
23250472
21186522
23890696
23574322
24648018
22258732
23828195
21040398
24596464
25417887
22002726
25861891
23990165
23864592
25289364
23373258
24901827
25598497
22601677
23575254
24178656
21321678
21113916
22852681
25041671
25796494
22188624
24727762
23956181
22290864
22282783
23688785
22522185
24288528
22955718
21985814
23275985
22473339
24965725
21997529
22021031
25263399
22820780
24817973
21596191
24123918
21859756
23828349
25466611
25758524
21033523
25059360
22451722
24058203
25333538
21216272
24604566
22534617
23474872
25927999
21560792
23847377
24325025
23742631
25998713
24527183
22272063
22987017
23826889
23683353
22805877
21336850
22973965
25872058
21754818
25618794
24393785
21397877
25265202
21803149
25624246
24540910
22174952
23736223
22033893
22167097
24546545
21220042
22201007
21310798
25200174
25083704
21271832
21114711
23566593
24168710
22238274
25485650
24289363
23619027
22720553
21535406
23169002
22343769
22217372
22860181
22401285
24447004
24100495
25191068
23472199
25117284
22586035
22118412
23642009
21258781
21388813
24763445
21215998
24705584
21679585
22699960
22590627
23508170
24423297
24447955
25259886
25957196
23743843
24741535
21367299
23286564
22029973
24145917
22393796
24098368
23051969
22242125
23696193
23917060
23295897
23463475
24312022
23329925
25018976
22842796
23844525
22196990
23950228
25342751
21420097
24370468
25313661
23501245
21679888
23295868
23916713
25982763
23948654
25317989
21410189
21114482
25348721
24843548
21704025
23155469
23559631
24035951
23071923
21417451
24071481
23069944
25703236
25301643
22162842
23910431
24043723
21550366
23057426
24580695
21438545
24731262
24946769
23153036
25909231
21961420
23460375
21714549
21338699
24409508
21504259
25941506
22222538
22581290
25673534
24924170
23131167
24789929
25065277
22710748
21099835
22655746
25330478
24390285
23883766
25906120
24042927
24507557
24666510
22866727
23532977
21664703
25450495
21135799
22496028
22598186
23242950
22979851
25013819
22001864
21534656
22535840
21946687
25586880
21698711
21361746
22470050
21270259
21029298
24727812
24987153
25740693
22460455
23501442
24156061
23549980
24076666
23052782
24273666
26002425
22485319
25994609
22529077
23973590
21304330
25826223
23907043
25032437
21181992
21158216
23569566
21659604
25087930
25612060
23795583
21436758
23388808
25707304
24525105
22169013
21487819
24618511
25576264
23945423
21467260
21059144
21430114
25529024
21548508
24336311
21936029
25325706
21451891
21903895
22046640
21518659
23624940
22469502
22247845
25784952
21117181
24629132
23989255
25726427
25552900
24372724
23574333
25305892
22299680
25783257
23911451
23707272
22246309
22176357
23244567
24464500
24010956
23432843
25875828
22248790
22827705
25811169
21686014
22911200
23283107
24592191
21268389
23185288
23412990
23327192
21023209
23601199
23391228
22270606
25999290
22272856
22435057
22485665
22646274
22594564
21522255
21170356
25865756
23099433
24957261
24478456
26013332
22982839
23937481
25636186
23913216
21225269
22662768
22722265
25832273
23923756
21360157
23451005
23741531
21544860
23127918
24647163
22286830
21475660
21858407
24002453
21589340
23363166
24079689
24546399
24918676
25620303
22158232
25913504
24804399
21216022
22759028
21748429
24201712
24531392
25714970
24872208
21712287
21665906
22106945
21434238
24948506
23515140
21595348
21649096
24360128
24821941
25484447
22757587
22058127
21608774
22355519
25130221
23981596
21359083
23476879
23413080
25365979
21458746
25268617
24524044
23983443
22171526
25599012
23890672
25732025
24333940
22811573
21415830
21173397
24343692
22931719
23425786
21995716
24913454
21587589
21849973
22324357
21864926
24578870
24755274
23570881
24249122
25171501
23285196
25655881
25975835
21178116
25008032
25229054
22401753
23968190
23551429
22176651
24616225
25974528
25130602
22483379
24096772
25583713
21392740
23098469
23831512
21022296
25226810
24101218
24601340
24253901
24180006
25644747
22302969
23863305
21038757
22298797
22580891
21088228
21893330
22209236
25245763
24749811
21854398
24205475
22850361
24748274
24459340
24085103
23753048
22235683
25246961
25972484
24598486
22836083
24853650
22700471
21282730
25314802
22043303
25956309
21357883
24666820
25205620
22053853
21776141
25623341
22331723
24519792
22702262
24715788
21051628
25078254
24949848
25228475
23608846
23444092
24122461
24494362
22194539
21939887
25192033
22968607
25949505
21898466
23725672
23904798
21137362
25295600
24345946
25327338
23289786
22253688
25364565
25669862
24301114
25815650
22586689
24083831
23223084
24200960
24788248
24183294
24860111
24102861
21811938
25058894
24579575
24788512
21078945
21864053
24514155
22261867
25172859
23210863
22995409
21562467
25509229
24391691
22996716
24434131
23883371
21674739
25547120
24224353
21035259
23225667
22340250
22674326
21201662
25337735
22719955
25461671
21579677
21659781
23290861
23705364
21412111
24016127
21931961
25165802
21997323
25785683
21560602
25602694
23141725
25392748
23317835
22089905
22578212
22055123
24586075
23049163
24404755
25201278
23005111
21701766
25810403
24598329
23718157
23037438
21558805
25777974
22878506
22495664
23871492
21205684
21836942
24073110
25142328
22546658
21070186
22533000
25648582
21369612
22815420
22384522
24111572
23160820
25124890
23165828
24695407
25119489
24960156
25594281
21645529
24942708
25112020
22322342
25376284
21927377
25952201
21336097
24439003
25954183
23467489
22229714
22163438
25289522
24486228
25675153
23391189
23038259
23044850
24617747
25758340
23392400
24623041
25064706
24335314
25459841
24184887
23577967
23042036
25460437
24261708
22441837
23001739
24284707
21411162
22780114
23992408
24734513
25634379
21937580
25199889
25797829
24753647
21572514
23796678
25145603
24336561
24292220
22322640
21455209
21617757
22496312
22272802
24611335
22701963
22631087
25448151
23849933
21185263
21350003
25779038
21497539
21746751
23697415
23379167
23300573
25370564
23089501
22436956
22981644
22493769
25502301
21170748
21215864
22110495
25362533
24036335
25956861
25615678
22653556
23659800
23165917
24444348
25948633
23541069
25540188
25963051
23117973
23286756
24863511
21215879
25939374
22636326
25338666
21733887
25637424
22242920
25803680
24549297
21903028
25466320
22259774
23440926
23210478
25948742
22687825
24324635
23643095
23202470
21847538
22037275
23404900
22686684
21861756
21106187
24394461
21479776
21103316
22438657
23677769
23770394
25159388
22998606
21978711
21058056
21418250
21653878
25962677
21935258
23924757
25863102
23776204
24333847
25355472
22671892
24581536
24350577
24381894
21837878
23022229
23250923
23378299
21042670
22519577
24796950
22029734
23552694
25206725
23289039
21925096
25074767
22276390
25095486
21608585
24311602
22984042
25015094
25833751
21144777
22322246
24037220
23143480
25260896
22825411
21668668
26002451
22673961
24767135
25754723
26007973
21751518
25229698
22667604
24995370
24284802
25144009
25452285
22413211
21913345
22448942
25719088
25177964
21734456
25140467
23156732
25212914
22220382
24366773
24753601
22229878
22908736
22691275
23287326
21001524
21795324
22336621
23348913
23227728
24293944
21996945
24859578
21535427
21099400
25617586
21549132
24420851
22920226
21389403
25961269
21506526
21271588
25406865
22481933
21823303
25433216
24525972
24701232
25032948
23533277
23981179
24608818
25416399
24814376
21184378
23662744
23995004
25874492
22373145
25189995
23402274
22604062
21925935
21935766
22681625
25225222
23230467
22595687
25501738
21392923
23693978
23569621
24162424
22416166
24301447
21573136
21514206
23244780
22693899
25863000
23758349
24310202
23484673
23100581
21660079
24570197
22051920
22735131
21739414
25750717
24309726
22084878
21264732
21704952
25718913
24512475
24938134
22477127
22966343
23117501
21237728
22894484
25841722
22318653
21702914
24464378
25157047
22522676
23212426
21186803
25024067
23591546
24820849
24430977
21763962
23738197
23326186
22045457
25861976
23663936
24435519
23465360
22645422
23807922
23799411
22723719
23854435
24004626
25497382
25768206
22228438
22809220
22839742
24718844
22557542
21377425
21659917
21296300
24427581
24050872
25360729
24098325
25589050
24348747
25559072
23908219
25299769
22827335
21563002
23695881
25779729
24411525
21835808
21003555
24872104
23140395
25998076
24239425
23855925
21537403
24680851
21253892
23589993
23942756
22968202
21851333
23070808
25094741
24322338
23009684
25908197
24304967
22692931
22920380
23849830
24178301
24307948
22266193
21348324
21887781
21492563
25623604
22182514
23363100
24159798
21446591
25646321
21401047
21518103
22404439
23578788
21906532
22067065
25367440
22753747
25762462
23505919
24827711
25096549
24803644
24029464
23853269
23527975
22537729
21067920
25783589
21002457
25245911
22707946
23143608
22212290
22032258
22134942
24940791
25432960
23473915
25107945
22269106
25165018
23470379
24957878
24397623
23855463
21487750
25221640
22828002
25276816
25771988
23513549
22089942
23870112
21441563
22620527
25468508
25603634
23582466
22676402
21947582
23396173
22463216
23268434
24181847
22040684
22588352
22201875
24970830
24546800
23711064
21294372
25744616
23552151
21810682
24159741
22589370
21111378
24179335
22318748
23674420
23766718
21057615
24062991
22455327
22522056
23904452
21800719
23399376
24800262
23464240
23361958
23142043
23516760
21183518
24215409
25920848
21393176
24159922
24750930
23160698
24191004
25732813
23838774
25424580
21847965
22472983
23389103
22260731
23707253
25520478
21224767
24097479
24374960
23590604
21378960
24106946
25597631
23412871
24229600
25600985
23465915
25881465
21678507
22177661
23442301
23569139
24969455
25410391
24313625
22678866
22156649
25930930
23804108
25978808
22248982
24086639
24198669
21124619
22292190
22665915
22775732
21106852
25007282
21467733
22285186
21723640
23114597
21489380
25698477
23963183
21776387
23626334
24709388
21547949
22033683
23817834
21665068
23899738
21763085
22315777
21157316
22523072
24388191
23684652
24319978
22227402
25018556
23829988
23608439
23926652
25019756
24472502
22883658
23468783
22364574
22962221
21661295
21867754
24237795
25858719
24117980
23174636
22768034
23662874
23095971
25706885
25837549
23656018
25091033
23089106
22726597
25903591
25202342
21187356
24926563
25845148
24739721
25425586
23843122
22170885
25591105
24485982
22619124
24410604
25121942
22669733
21315637
21305677
25172903
25617721
25971801
22040989
24670841
25295424
22793973
23599431
22998376
22626375
24946139
23394662
22835960
25606728
22676517
21480267
24694632
22877392
22174927
23369322
25304577
22687515
24675968
24193839
22048404
21819994
24847542
22155199
24718528
21031056
21283711
23568997
24138590
25525066
22870816
22047320
22396329
21444572
21787195
21708994
24765813
25870768
22486908
25645521
25242067
21396323
24748114
23174640
22907295
22586579
24899666
23453743
23583470
24130284
22311114
22390210
23165295
22137852
24142061
25074928
21903926
21251209
23506144
23822275
22291711
24777863
21042007
24134995
25248373
21377066
23418133
24384731
23027024
22846290
22471631
22591864
23193417
24828491
21808476
22912373
25463415
22688936
24873908
24402985
25560023
25776813
22063963
25804240
23597632
25033804
22361671
23334012
21262660
25006215
24336148
21794832
23061029
25333449
25641994
24909497
25236691
21942068
23214367
25209649
21011295
21308163
21505642
24321983
24315615
25705131
22638200
21000657
23745089
24520260
24231065
22473537
21963765
23062812
25820395
21007222
21204706
22530575
24186514
23477473
24847339
21796295
23692278
25257476
22742142
21866672
22711130
22445713
23543789
21658560
25176879
23698772
23778243
21153506
26004627
22743963
21398953
22871563
21937181
23197280
24909999
22812471
21181354
25763083
21997225
22964110
22587576
23334089
24827321
24802749
24551305
21655889
22984833
