23470825
23818742
21725930
24251841
21668564
25746000
23668831
25265111
22350076
23106705
25749358
21796243
22625599
22034810
24265118
21386390
22921768
23316131
25016554
23461823
25601254
25460195
24478554
24853528
24718734
22562182
21552723
23351235
25369857
25243303
24598595
24589954
23126831
21332160
24948875
25669702
24138812
25879132
24390772
21388709
24678318
24469710
21471074
22348706
23105371
21926308
23008212
25026602
21305307
21277714
21805424
23591126
24467302
24131791
22491626
21885621
22846356
23076920
25390916
22956830
23863443
24777106
21851641
22356356
22934827
23147283
25930309
25583621
24680721
22352436
22426095
24388870
25496543
25580250
24049248
21445744
21565043
23999542
25629858
24126693
24364120
21038639
21154507
21145779
25604199
25908909
25067486
22429813
23336123
21859745
25469311
25242937
25826895
23949653
21683250
23768087
25700276
23213255
22274013
23899588
21277487
23174990
23149159
25126469
23473977
22512764
25542218
22052221
23783883
21888226
21715008
24154016
25189217
21981292
23299954
26019942
24640954
22968315
22293940
23642750
23319603
22576898
21523482
25572838
21093494
23499663
22131924
22318409
23887321
23284133
21778761
21795006
25982688
22534203
21888045
21802434
21368317
25817950
24406928
25780450
21687116
22272305
25628219
22756875
24050188
24654485
24467598
24798228
22778815
24965405
25915027
21777009
25638297
25710539
21795773
21772061
24067119
22622839
24992193
21179524
25680568
21527521
24767141
24211856
24383858
24775632
21161889
21424659
24829872
24282046
25202735
22584104
25434358
23096733
23925604
21275724
25711051
25248231
22407419
22819725
23658612
22028772
21739396
24994107
22211386
24261213
25136238
21499063
25225598
24807461
23741313
22272316
23345091
21246072
25896470
23728483
21102507
21577151
23797075
25076017
22664874
23527649
24906528
25737541
21307438
24652405
22907975
25174252
24752713
23315005
22366753
22410001
23573109
21912055
21650037
25140259
22370629
24982637
24832056
23157994
21428849
23877350
25088965
23565120
23344079
21618510
25190596
24171163
23730311
23296494
25478478
22027928
22478507
23455863
22567056
24032260
22281048
23634047
24099812
23060463
21398209
23780036
22567024
24750141
21804534
21913574
23039173
24609331
23832821
24625587
25659040
21033516
22193047
25627665
25154620
25547278
22096239
25953625
22513263
22745948
21671812
23030770
21783560
21890182
23945650
24738072
21866894
22337710
22860595
21386442
24084657
23049666
22363511
21698623
23495690
24948415
25887386
23235105
23583737
23593321
22866780
23723472
22900743
25038655
25405199
23487515
25567588
21407866
24010701
21130568
21445275
22720478
21400525
24245795
22161510
25215640
22156032
21588745
25282524
25040390
22695497
21676519
23543288
22761629
25041578
21321239
22496540
22548094
25003892
24076084
22352266
22944821
25003596
25305127
23854764
23054477
24005236
25029162
22370334
23671755
24438555
22350196
25555323
25730941
22483889
23245455
24746821
23248344
24737020
23940193
24587711
25383577
23340820
24109755
25071632
25746211
23506351
22533853
21187136
22200566
21348431
22138063
22992554
24191321
24919047
21578149
22811076
24199858
23991490
24953649
22948980
23003197
25325909
24870096
25640767
25494709
26010099
23893325
23841736
21998039
21920244
24235762
22726273
23163160
24576366
22508791
23133370
24191764
25824954
22675652
23179796
25820905
23843850
25670519
24503689
23251876
23177079
22360423
23683262
24209625
22238687
21048675
23832007
23088214
24329944
23782086
22722413
23400258
24107740
25246548
24620164
22668717
24970378
21008062
25314172
24235019
22569485
24352878
23975672
22480414
23788334
24730669
25337573
23426399
21723990
24192594
22549725
26026378
22822442
21420792
21293060
22082660
23691845
21302567
21528856
22096151
24316440
22956636
21638614
21912323
24446437
22042453
21202575
23862183
24465612
25884387
22644654
22213196
25756351
21743535
22551929
24115643
25022160
24338948
25156089
23191878
24536964
24768580
24186443
25985817
24764143
24218512
25926646
21002980
23029190
25861435
22878702
23493244
25628386
23682252
25175597
23795419
22003672
21234900
22607483
21090699
23394316
24319465
25774522
22798604
23538046
23117948
21238074
22813549
21814700
24491443
23628469
25077201
21267110
24179497
21527053
24105944
23428388
23496309
23779262
24820266
22672136
24263624
22549539
22549892
22857888
23505483
21989115
24136538
25496013
22717597
22222767
23121131
22711649
25413952
21169845
23516962
21279005
21635781
22253186
22518508
22943356
21963638
23676059
25099919
23931129
25149229
21145239
22303960
23443760
24155028
24447498
24790736
22063660
23107209
23388231
21218117
21377908
23896782
21917426
24307062
21013575
24421195
21217607
23175625
22054621
22641660
23735971
25527514
23408069
22820308
22370084
25258809
22628324
25011855
25855186
25012258
25232393
24527431
21916831
23065186
21286149
24214239
22228196
22650326
24177832
24638639
24549172
25622911
22353669
24180732
22847762
22881125
24589865
22748621
21370134
23636925
23403749
25842495
25813049
24390392
21368814
25470325
22885458
23588036
24299989
21885654
23852969
21272097
21899865
24527154
21942943
24962035
22256090
22505704
23813442
24091667
23677378
23546569
24723528
25968766
22937825
22122372
25523689
22174262
24480026
25016998
21790952
24657188
21935647
21637297
22095722
21798078
22445165
22385390
21326274
21004573
23697697
24979046
22650716
21859817
22620899
22076860
22893189
25374135
21586591
21725318
25850569
24963284
23710134
25197128
24294410
24881993
24464990
24952581
25790861
22180214
25282955
24428909
22082247
25493042
23090775
21749759
21999410
22970460
23921384
22879086
21965270
25820577
25068679
23923300
22897187
24614423
24968212
22581345
25929974
21687634
21435606
24290908
24789501
21633181
23087625
25759996
25422268
21964339
25956078
21822166
24619593
21360465
22714929
25812314
25152287
25308933
24054937
25566932
21022450
25882468
25922948
22799826
21429377
23201736
21314982
25352427
22158606
24115902
21902708
23786753
24118482
24793378
22438242
23645916
22862470
23169558
23697719
23061102
25636542
24786954
23480856
21884485
22051474
21297369
24303964
21877047
23619700
21168043
23585670
23494700
21067168
25936635
22444448
21222735
23609521
24917716
22363901
22192338
23719368
21687910
23240353
21551721
24111288
24348570
21540256
24186845
21977744
22901418
25181486
24636706
22310181
24022999
23735475
25621469
21376595
21054299
24656984
21112346
25062346
21352397
21588821
22091803
22782367
22025038
25830591
24258144
21646116
24604464
23518376
22604682
23579891
24141221
23307024
26021398
22196009
24619519
24067723
23048401
22460773
21565757
21781717
24805903
23998921
24592327
22200591
23208409
22584826
24286100
24179520
21395133
25658135
24645892
22753042
23496739
25908764
23639283
21433819
24595874
24192645
23594207
23356588
24295669
23546199
22306188
22909786
23288736
22941827
25394649
23371118
21945668
23672857
22003791
22549358
22505065
23089900
24811207
25206698
23899681
24728723
25809223
25897477
21168766
25676836
23027783
22326288
22236612
25602588
23134164
23196477
22932606
24099923
21865474
22598217
25199269
23754172
23023062
21353721
22398496
22627152
22609866
21963344
22896301
25740221
25055039
21912871
24039256
22125263
25329835
23849297
21801129
22037186
25596302
26003826
23915980
24931572
22443094
22676187
23446663
21894181
23542454
21596577
25900812
21979415
21116962
23717468
22585196
21113439
25704804
24650623
21153074
22078412
22405111
21918619
23476281
21195876
21647341
24335947
21287982
24855086
23832105
25726020
21587988
21089612
25221990
22667828
21350938
21519527
24843076
24825586
24447738
21966490
21303552
23596559
22173886
25007799
22405202
24391281
21360692
23581567
22515403
23262318
23283182
25199897
22456083
25582356
25993588
21623900
22397760
25842867
21641215
23569949
22249590
21690472
24115930
25468445
21206243
24633104
25048397
22404132
23902301
21939789
25316905
23782168
24795643
25182747
24016985
24968824
25649427
24957162
25966616
24525580
21709281
25526534
25074449
25407836
21791165
23509415
25473403
24135707
24797177
22901367
24989453
22615851
25022939
23229743
22646522
24861995
21842010
22692567
24079292
23200724
25680169
21157427
25741585
23401781
23746683
21688638
23197865
25694423
21949679
21941450
24161031
23073995
25894317
22960176
22769057
23805723
25947071
23358444
21076295
25866736
23125496
23734057
24748561
24569939
24428593
25714601
23919694
21760614
24463975
22712185
23423310
23596807
21785657
24882105
24809887
21639306
23863782
23696167
22034227
25141112
23989477
25188446
23548587
23556858
22996896
25679192
21214815
21388731
21223823
22120715
25760147
21411903
22085658
21510586
21293815
21827023
25356613
21047691
24718062
21656626
25849742
21386626
25076304
22711828
25094360
23723226
22215643
21114963
25752785
25557211
25076510
21291951
25563639
21345950
24925672
23532251
24622567
21559514
23319026
21488950
22106512
24579237
21935052
25814364
22215266
25565692
23822979
25160814
25355609
21790283
22737948
23189903
25366212
23201504
21571715
23297963
24292159
21310961
22163726
22799457
21776919
21491736
24067227
21917873
23926861
23981682
25738768
24009681
23435785
22691927
24629226
24985531
23580163
23063761
21459475
22518880
25775315
25004120
21301645
23258170
24093461
25006665
23278529
25150434
21360561
21877187
23892846
21671631
23285128
24365616
23891615
25668189
22679771
25049960
22718404
21828366
23468942
25779601
25256834
22579859
22493251
22045560
21052478
23646613
25515046
22045813
24797776
21826196
25961056
25522103
24343803
23891677
25151331
22916262
25295281
24543429
21632407
24416353
25016192
22281412
24879081
24604636
21739755
22610956
23651252
25017097
23889085
21265171
21800098
22748076
25414728
23554455
22289151
23079009
24518313
25601807
22223354
24762428
22672729
22362832
23942646
23911917
23188063
23667463
22492729
24539393
22631212
25993197
25147006
21446172
21206742
21075894
23847553
25885907
21634492
23457430
24631620
22198595
23499338
24929914
24569875
22199426
21537936
21065897
21754230
21234152
23436518
22182662
23319689
23016586
24763632
22127968
24739395
23176338
22352664
25729441
25813556
23101750
25383173
25361872
25611883
23312997
25151815
24947877
21803581
22854766
21765373
24017857
22746161
22919052
24467444
24406332
21763716
22465619
23568672
24235609
25181579
22991915
25895038
22715448
22763946
23544445
23386110
25866439
21392631
23919336
22300466
23368993
25227668
21237016
24144121
24558815
25627249
21788569
23976520
24789932
23468056
25321901
23121402
25747287
24527463
23089152
21274427
21256117
21130695
25027368
21568664
25052778
21477825
25840804
22508418
25207134
24950691
24151071
22798369
22226353
23292495
24147845
22058607
24639856
23026647
22640600
21751999
21757728
21499893
25013381
23856188
25582290
22288385
25119690
21932583
21253510
24074238
23896153
23747858
22406792
21923365
26011186
21480202
23387902
24422881
25906704
25195810
23391779
21538157
21835194
21149473
24644515
23192985
23942142
25945247
22595250
23610810
25252236
22683459
22518028
21403492
24787391
23963610
21357105
22530488
23071515
21353250
21203439
21547212
21504691
25561806
23110373
23444009
25694797
21075684
21187925
25241307
21735556
24646473
24716590
24172411
24820174
21722574
21670404
22540262
24793394
22895635
23291554
24403858
22417431
24522911
25768295
21862499
22501916
22207515
24036759
23611107
24357186
24223060
24467639
24363768
22578172
22902481
21215811
22838744
25328999
21865450
25107664
22058674
24911989
23931472
22930406
23967678
24200825
22298966
24985781
23413204
25130882
21269897
22523786
24728661
21816747
23315309
21377145
22836111
22836224
21286731
23106936
25166357
25109058
24922430
24087515
24338641
21031981
22206816
22601531
25112009
21562242
24564085
22556926
22313372
23403493
22697735
25088910
22679651
22000392
23913998
23696369
25307334
21441206
22374251
25597484
21160612
21318470
21636643
24965914
23182209
25201629
21043321
23569699
23837733
21892683
23130249
23645937
25661224
23462985
24740450
24459284
23421132
23442763
21419294
22187498
22809719
24532218
21752166
25968079
24439516
24229806
24681725
22045149
21524447
25395967
25305386
21878031
22569262
21119460
25339019
21571508
25778640
24081074
23001291
23330383
25409271
21368931
22618400
22529247
24096037
21649370
23040571
23256163
22456596
25860467
24651064
21333239
24250510
23193440
23852163
24463563
21164993
23869178
25890602
25227862
23677675
22632880
21346228
25294229
21171520
24922685
21358710
25677000
25354105
24251995
25879618
24843018
22907509
24306832
22809817
21685805
25303441
25412446
21904017
21403330
26018761
23173604
24085197
22969421
24276769
21208589
22844629
23254280
25781290
22872981
21476859
21605809
23126887
23081212
24003402
23098201
25474675
23259651
24653182
23729929
23545795
21261720
22319819
22175153
21228190
24845512
25377613
24571513
21785144
23916514
25209983
25677238
25141920
24032673
22601000
25856172
23842801
25051132
21508853
23373079
22334510
21318509
23916020
24503883
23960512
25882917
22130341
22121151
24721651
25795472
21197733
25035566
22026497
24940601
21225775
24504418
23876965
23739314
22544616
26013218
22162330
21032962
24168355
23064596
21172401
22731114
22654132
25624452
25372252
23946025
23704007
21500406
21113088
23030179
21154431
21523033
23587324
23783433
23853311
23433889
22335523
24460456
24386329
22465400
25265528
23590742
21163671
25813090
25757051
22587145
22942268
22385932
23149668
22324947
24510337
24807719
22389684
21434661
21100269
22856016
21373886
22258409
23742558
25765284
22352525
23336449
23150621
23531084
24866858
22438733
24183389
22305946
24097741
24749935
22199530
21964667
25307192
22940597
25616535
22050065
25745934
21608153
21669920
22084371
23962394
22313630
22903967
22206367
24117299
22268060
25504246
25415118
23067320
23013828
25910097
24958831
23973631
22600574
25334773
22549641
22795920
23415114
23461773
23487241
23641895
23333890
21415203
24307725
23708448
25437967
24742501
21319523
25647075
25531045
25905200
21893714
25329301
25190099
21521967
24777358
23155681
22660848
24478758
23763637
24254837
21249817
24910362
24678229
25931242
22755922
25194989
24337859
22985039
22102103
23692733
24655933
25355868
24247870
24070088
22055142
24004746
21202278
21490840
22539971
22375910
22058219
22265233
23927741
24057131
24518661
23310960
22270023
25716387
24834293
24613864
25469549
22062332
21103675
24575378
23321890
24843532
24257289
21512199
23808368
24491268
21610176
22765736
22922330
24176288
25072741
24136928
22303484
25904398
22273006
24385394
25159476
24972772
21609233
25908848
21542189
25282210
25300983
24209875
23835887
24001716
24766092
24096993
22658087
22898092
24360958
25752881
25782180
25866071
24839992
25823268
22240062
25867912
23409848
22013747
24535322
23170562
24194337
21248426
24548582
21261898
22905769
22806471
22244837
23161850
25744146
22015713
25301174
24944416
23782450
21266971
25178146
25749914
24061816
21179340
24717665
23751090
23434659
22947593
24605821
22990133
26008934
24406433
23018746
24516785
22508513
25138214
21985061
25196664
25065946
23181023
21334439
23058645
25687738
21421683
24768263
25481924
23394640
23980269
25786984
23428476
24064432
23982108
22784759
22734141
25463603
21648311
21221488
24150984
23108606
22283715
23433030
25629627
22946682
22656003
24267674
23673767
21050201
24599955
22753680
24712466
23272314
23364530
21285390
21289140
25547047
21117651
24238432
22926368
22007955
21502919
22586477
25774173
21019623
23828459
25886375
23750673
23262701
21184018
22454098
24486407
23362843
21166832
22730579
25196728
25229361
24336410
21547055
21314176
24321865
24769354
21910551
22917456
24146993
24042602
23809088
24123567
22161267
21177945
25683175
25357170
25970290
24273176
24954020
26016627
23338897
22006021
24028121
23223402
22495229
25328723
24826180
21082816
21998144
22716342
21039480
21982849
25128766
23286947
22950507
22174624
25754145
24341617
24049200
21193866
22097267
25303694
22692780
23878916
23348419
23061313
22364431
22219527
24289679
25556901
23660758
22948448
25059949
23010216
21225030
22506873
24356540
25251637
21073114
21650849
22130737
24746013
21917918
21192461
25148932
22307105
24217137
24958674
25055237
25944704
25856662
22379611
23625627
23390047
24642178
23439596
21728623
23525750
22336063
23624000
23249315
25295065
23283728
22211855
24349230
21496918
24300013
24552786
24491683
24094290
22074281
22179685
22151270
21782326
24272213
21733892
23364197
24435469
22124323
22852987
21057962
21106790
24148838
22252313
25983794
23616051
24990263
24508176
22971221
24233684
25431917
24075924
25962124
23424956
23489046
24303560
25558846
23003829
23534730
25555958
21756411
21125617
22575863
22042472
21949248
22247196
21952385
23997687
21850166
21454297
21147959
21852356
24465026
25984360
24904771
21041318
25211463
24502253
23763321
21451752
23738061
24689947
24674795
23370318
25231036
25434607
23950134
25621727
23997978
25865218
22127647
22872311
25785018
21619679
25964701
21663430
22241177
25285865
22347070
22377121
23028563
23846743
23154790
21147609
25116036
25179564
23457733
21628705
24785043
24808753
23121790
25153502
24523555
23262753
21950102
23833706
22147460
24077217
24722060
22451467
25675933
25172393
23592415
25663608
23727808
24411861
22208470
21660233
21847244
21622499
24956981
21363128
25500632
21287969
24196352
25322902
23116891
22206805
24947436
25335847
21234054
21082095
21699506
21041483
23114023
21129346
25752175
24106261
24856970
22025785
21959647
25006302
24971899
25927073
23483377
23249565
22657072
25405639
23542765
25757003
23499327
23680116
23819807
24973127
24410374
23611833
23725598
22045353
26007553
22642938
22397954
22441324
23199950
23871393
21004128
25074862
22210401
22777788
21421802
24100856
22878793
25868607
23993966
22349689
21215260
24081194
21200068
23524208
22996983
22368419
24992091
23790458
22230593
24235663
25181105
23052225
24482295
22383239
21042433
25492202
24018414
25972132
23036861
22287945
24357046
22816057
24104118
25893114
25437023
22257437
23604365
23277864
21783938
21495346
24103423
22051556
25596989
22719103
25543678
24229583
21395813
23036318
25753585
24020490
23753896
24673775
23539382
22839633
24825045
21532106
24289919
25027493
23312951
25959644
22122221
22563179
25143369
21710737
23550111
24333489
22623709
25436819
21643890
25544577
21080327
25551732
25451332
24613303
22190492
21544894
24333130
24078681
25121663
22963896
21231029
24436175
22510789
24323536
21740525
23706271
23606821
25839283
24240438
23417814
23552399
21783365
23619476
22719498
21421184
24028881
21740858
24995216
24885138
22956297
25075620
21705018
22197094
25931648
23773106
22863807
21773634
22392966
23297814
25425721
24795822
22621132
21346049
23282809
22797631
24284961
24986016
22661823
24627769
21545622
21912845
22752855
23581112
24073316
22785392
25259902
24425993
24138533
21547500
21955635
23898160
21586225
24028330
25092693
22824275
21265839
24601955
24746348
24422080
25995478
23688371
23698858
22971763
22698974
22615868
21230319
21967737
21891895
25634631
24938125
23971750
22485970
25507729
23180341
21234650
24083674
24110024
24184256
24800372
25657160
23270828
22249148
24393968
22125035
22715731
25641100
24769987
25983518
23006051
21558582
21674331
22744019
25084751
24464548
21452347
22201026
22117226
21937231
26026514
22845201
22073797
25831910
21663176
22319044
24213775
24541395
24308700
23751694
24920581
23869181
22300850
24776976
24632307
22770485
22082593
23089831
22237073
24050509
23514482
24652797
21699231
24150965
22724582
25658664
24868521
25106933
23379604
23614799
24470271
22373350
21021980
22537027
21698920
25456261
22671293
24802419
24925079
22255913
23298158
22905225
23208319
23999720
24516258
21809172
21327894
25473615
24351267
24349703
23436085
22791194
22892939
21731883
23086518
23249746
25539735
22716514
23656378
21873407
24855556
25761821
25924034
24513698
25211011
21350384
21825718
25407579
24018070
21916202
21873413
21288640
22499697
23716603
25748376
21063162
21461174
21697310
22000534
25026807
24346085
24982593
21464472
22069665
23382484
21619695
23993358
25563748
23856369
23304998
21267915
24323346
21451321
24847906
21082052
25205129
23374209
22473347
21660881
24080856
23719600
25122412
23239503
24298636
23979932
26005614
25539184
25244437
25719775
25570656
22369870
21486680
22868277
22474016
24749370
23139832
24639153
25274039
21060344
23624252
24313035
23609761
25300677
25567502
21229723
22043806
23215307
21493718
21844832
24911934
25123927
25851509
23215374
21988073
21657678
24972988
25506783
25257925
23797195
22401078
24145884
25126308
21785370
22120039
23972879
23959144
22904133
24462943
25785427
21602651
23595180
24621046
22387397
23989697
24852060
24907413
23416914
25747840
23703330
21504028
24141240
22393877
23919556
23344175
21650765
21052528
24796131
24665226
23492987
21190544
22158392
23568261
24207835
25876784
21143062
22411530
23898947
25301568
25427800
22556176
25162584
24542737
23502052
21582132
23063974
21771792
25098377
22900832
22114445
22078188
23801656
21240762
25745925
24828190
24182644
23709211
22739707
23495227
23267269
22708230
22998141
23140736
23205259
24487734
23440176
24468712
24122767
21434705
24359255
25319285
22148535
22242239
23498192
23779353
22105085
22676879
21876980
22994992
23017418
25496821
21274147
22416717
21994345
21015755
23650095
22157218
21985340
24155370
22580976
25665135
22455274
23982319
23407627
25882936
21862849
23878379
24822480
22389610
23545885
22099871
21975861
23846706
24450757
23022376
22581455
25413217
23676815
21297633
21778144
23561923
25947338
23856252
25638063
21671226
21261630
23637173
24465007
23984369
24932878
21424814
21874093
24852833
25865041
22957652
22703425
22465254
25479285
22037755
21293945
23285888
22852336
21859035
23980447
22742035
24370778
25661682
22652767
23400684
23791937
25481214
22016348
24233258
23092418
25197871
22973348
22734094
23255285
22510932
22488113
23273077
21304970
23148660
25994024
25689403
21610982
22821409
21692816
21610281
22659766
22680802
25112044
22102265
23328172
25111666
25922494
21392561
24327042
25114670
23807452
23662826
25110643
25433733
25139322
23896617
21139124
22456021
21315426
23419295
21149046
22663257
26023397
21826830
22885836
25220115
25190698
23044952
24302658
23409426
24706089
21919531
21002283
21056840
23139885
23094124
23076711
21472182
24415180
23470269
24563617
22953163
23784356
24672614
25275909
24685081
25336060
22625109
24592024
21792303
24455353
24619253
21183677
25162062
23254279
24735014
23550459
25543681
21604775
25722618
22795829
24528565
25875279
23858273
24959680
24751685
21577660
22601382
22250939
24752342
23789484
24996469
21588385
23318909
23093203
24089299
21763563
23877252
22310854
25391358
25967099
21045423
22716802
21642746
24152252
25966247
25895027
24463917
25747506
21431565
22760597
23053249
24165757
21903521
24775176
25466232
23549523
25973242
21391425
21526046
24075956
24161480
24837436
21718297
25589385
24024680
22696822
21872580
25268867
21078710
21630423
24499876
21118094
22697110
21338378
22327605
23086374
21991097
21991372
21413930
21717163
22510405
25171054
24170747
25242783
24047117
22821653
22652808
22304474
21896349
25651824
23304629
21509485
21495583
22589260
22303889
25507582
21558286
25428671
25863592
23411969
24155969
25216965
22965875
25398795
25234828
25057442
23457521
21083958
24350213
22363332
25033344
22267745
21933959
21320722
23839095
25821626
24605580
22473980
24794295
25832772
23557342
23382173
23915236
24887259
25508224
24508424
23142507
22212805
25242889
25556082
21576635
21535904
25975656
21155742
22387827
23960967
21429202
25834259
26002238
24079836
25100970
24029500
21675998
24679219
21071316
24878797
25794899
24192720
23685118
25874487
21413059
22338506
25881687
23035145
23562759
25769594
23421994
21285613
24378246
25514746
21443424
22649060
24479618
24590823
24173233
25483112
24954769
22631713
21968496
21612070
23097850
23707814
21915071
23154749
24852483
24467732
21676239
21681203
24799840
23660777
21208695
25576468
22376905
24903052
24368884
21515784
25931397
22705646
24809528
25795166
23297407
23596688
23766882
22098823
25888550
25028915
22980767
23894789
23749239
23876300
23926710
22027953
24136821
22482777
21092257
21172045
21059176
24458461
22178522
21536730
25651893
23122529
22265154
23176282
25412658
22435489
21240185
23146430
22210609
24765365
22204351
24542425
24503939
22256556
21939973
25033107
21507942
24830492
25492179
24932968
23175314
24980358
23273829
23230419
21538590
22358243
23100979
24730900
23807323
25108329
23091062
25696268
24097949
22829880
23196292
24673093
24809459
22969475
23292184
24841501
24067940
23417694
23563400
23838824
21077564
25389966
22380119
23734794
21587094
24988575
22914846
24360977
25309455
24226579
23792983
25451007
25753500
25827283
25830360
21973031
21811964
21164956
21747743
24286395
22665464
22056620
24186323
24490906
25358980
21123309
21587078
24093595
23252431
24118605
22076183
22098513
24323047
22930212
25618908
21332013
24329265
23131102
21841573
25084423
21516749
21236557
22554954
24134254
22802444
25350107
24176900
23446213
21404255
22889971
23912994
23973960
25139106
24944789
23230583
22623787
21052224
25660923
21946870
21790432
22819040
25164720
25529241
23713967
25131548
25312208
21673911
24551548
22038593
21784475
22686043
24449227
21490862
23869808
22083580
24783067
23370436
24274818
21891205
23006841
21715751
21771656
25718471
22897205
23071088
21145354
22984016
24000951
24386702
23449081
24948965
22581700
21587113
23381425
21535529
22284641
22086739
24493533
25379802
21679087
24773328
21622861
24742613
24349481
25518965
24933617
25718536
23249572
22468767
22321445
22774336
23879575
25510011
24769556
25004325
24604774
24256475
25174091
21486695
26010572
25705599
25286387
22906300
23771719
22034073
24151484
24477591
21112575
21534792
24657145
22976739
21723203
24686493
22287182
23051673
21993836
22644977
22782302
21953228
23952501
22607784
22998440
23283967
23051402
21461005
23924162
24285050
23764783
21071557
25326925
23480020
22626727
21086053
21183000
22175566
23677819
24582933
24330144
25023004
25786771
22668905
22198159
22196153
21678027
21921916
22793442
23310465
25417036
23011058
21970410
25097431
21816198
21077580
21448244
24698794
24284798
25357058
21252534
21365387
23779731
23844568
22260133
24501542
24572991
22372624
22468287
24728085
25229390
25144871
22457866
22687024
23370320
24200002
22420958
25894399
23373535
24033282
23990031
22021640
24583582
22417535
23806858
22202525
25969184
23959969
23540608
22602549
21250196
22788642
22117250
25218959
23573974
22581574
25292794
23788648
21411550
25777389
23666401
25887674
22811323
25043506
23280752
24986376
24490466
25160524
23937437
24944138
24469877
25213568
24933092
23002756
22315072
25694725
22385021
24974351
25678226
24354124
25161507
24642041
23340876
22522504
21140203
22954501
23657664
22570604
24518425
22131919
22783798
24077283
25939326
25385696
25670022
25216391
21671306
21344833
21776534
21072517
21330810
24252004
24539444
25470493
21477994
21613227
23696171
24823653
21294208
24947753
21862214
22385572
24273118
22896995
24319515
23569495
21492658
24856714
23901201
22516141
22742415
21948751
23212795
23813734
25452739
24706630
25080700
23453086
22913891
24793305
24825994
24757112
23065559
25841998
21734488
23259875
23101977
25805087
23595036
23265103
22791625
24355710
25466037
23270604
21696879
21866574
21554804
21443445
25689592
24931584
25334079
22602721
23981008
24539569
25897329
25153873
22397489
22407456
22056825
24514370
22087147
25333646
23793943
23249613
22377393
24766479
25096364
25071733
24857721
21797552
25979743
25608419
24478346
23040049
24964889
23822161
21392851
25059933
23153957
25864172
23311442
22615241
24245441
24519254
22530950
21732363
22981496
25175796
21819453
23291260
21331285
22434006
21677966
22232734
25591603
25841346
21335698
23667951
22030024
24357826
21214988
25313778
22354155
21150641
24959739
25097729
23425072
21001711
24711873
22615923
22732382
24717371
23502672
23833239
24137403
24688992
25090065
25647288
22103013
23014675
24798058
24270261
22410575
25552442
22601412
25476655
23147807
25219493
23260480
23461367
21929654
24603723
23202032
24105426
21869523
24989019
22145521
23900488
21366540
24194585
25636624
21259457
23973173
24016914
23080115
21031067
23689406
21267726
22064067
23023437
24780328
21146837
24357559
21615771
21523004
21477056
21671298
23488940
24426761
24078022
23027056
24530243
23889398
22652209
24597169
25749900
25553739
25463332
25531114
21398314
21627465
21536160
23985499
23566795
25461097
21379216
22954932
23132981
23029275
22197309
22469362
23532337
25048880
22308679
24820858
22230482
21412900
23059032
25557252
21270554
24628163
21845476
24443079
24845291
21935757
23745328
23971636
21661705
23608185
25527713
22389696
25000845
25772899
23225473
25053339
23091179
22903107
21290308
23083364
25491860
24176892
22102800
22812685
24300255
23124026
24193029
25118275
21916219
24104554
24107401
21069193
21314508
22785107
24543012
23416698
24763281
22211021
23956875
22653450
24643637
25359563
25969337
23174871
25607662
24856912
25004843
25953953
25555165
24682371
23029624
22524650
21005231
22930888
23441058
23823238
21007418
25465921
22943773
24637539
24180492
21899975
25908920
22270924
21558079
25490829
21966105
21278481
25680266
25181082
23551835
24195458
23166150
21070217
21935601
25471764
22975794
24602003
23553771
21737235
24719710
25570466
22820090
25755483
22801650
24002379
23587684
25637351
23912663
21267020
21481979
21746607
25046784
22246318
24835874
22910705
23453090
24202204
21382381
25335091
25468467
23969188
22287141
24939477
23132395
22607392
25967180
24859025
24705478
23900864
22762443
21615506
23100236
22729655
25945556
22500634
24184437
25052403
25019263
21124177
23487620
24586966
23695356
24875276
25380301
25269006
24649476
23551122
24384070
23867709
23697817
21785053
21462026
21415990
22632926
24120658
22272961
25110570
22695865
24987904
23313750
21548583
21400930
22204039
23226452
24627824
23583518
22205125
24793617
22264955
25685905
21428273
22754630
25734636
22660866
24114962
21076853
25699112
23447492
25631454
22525980
22536981
23051536
25559216
21768267
25668814
23512144
22189760
24872906
23099947
25000735
23592137
23489882
21081596
24312336
25747116
25397979
22102738
25937426
24698509
21483910
21371487
25777575
25436196
22759758
24899761
21266728
22169651
23708158
22919409
23118507
21072913
23276070
22462395
22058021
24743570
21067848
24610507
21945391
22663200
21053318
25757339
23259840
24673631
25807760
24712787
22330569
24447891
22660857
21462836
24760672
25076442
23810212
21172717
21133894
24421966
25451862
22518521
24560515
24739045
25010937
23895594
21506816
23033142
23798052
25614838
21435753
23027994
24333778
21655235
22206286
23486064
24043434
24708798
22530827
25303197
22969833
21742824
22833574
23438462
24146971
22187103
24136373
22133498
25193651
22541225
23226699
21246467
23159906
24363478
23119020
26019274
25509408
23639236
22055013
25564689
24593599
25921748
23655624
24308261
22740102
24156146
22559373
22562016
23702867
24757738
22326021
21214081
25725414
25407385
23956836
23174915
21150929
25652880
22051944
23051880
24811071
23632408
23442347
25602239
25058388
25978137
22386578
22217097
21266606
21324977
25741009
23532297
23214286
22999844
24895452
22141100
22134100
22983365
22953777
21972997
21705411
24657451
25253341
21205816
22845992
21556987
23052557
25272309
24705017
22538572
25045451
23851591
22675483
21135395
25034505
21867736
25520929
22831982
21232496
25364267
26004652
21843453
24466655
24947930
24388250
23494757
21754863
21641324
22508079
21503932
22119619
25591244
23230998
24636247
21641582
25026491
23997533
25061977
23781718
21965573
23738873
21850692
21280335
22801021
24172479
25770759
21389677
23408082
23456671
21544653
22975853
24216778
22186322
23812728
24385087
25495018
24813850
25582286
22241656
23214925
22210269
21716448
25224435
24010037
25155613
24812555
21015952
22762147
21946586
25180203
22809074
21527974
22874494
21209887
24121107
23280146
21825262
25266688
24193742
22597706
21017815
25539020
21955304
25667578
24630026
21573628
26015983
21547101
22934749
21575191
25081896
25251659
23992248
23844344
22480046
23494476
21668276
24435086
22166517
23089855
22048625
25133775
25678241
22212183
23493035
25940147
24297397
21452177
24813537
24250062
22569898
25581818
21409048
24773208
21802983
22671553
24919749
21051154
25304609
21874148
23884603
22930548
22857933
25899797
21200787
24898846
25500508
25216329
25317222
23523182
24628907
24449940
24943419
25560643
21297828
22742050
24713847
23769860
21098690
24908731
22216632
23509461
23228939
21769546
23734587
22137039
24961988
23425488
26004483
21058897
21281988
21944640
22974393
25693131
25735579
22098535
23439349
21827503
22819377
25238992
26011581
21909086
23432205
24413588
23117288
24589307
21612581
22707773
21237363
25281328
21483947
25642102
23793869
24040786
23862463
22364968
21313682
24087937
25396852
21155048
25067041
23121397
24818409
22317230
21274406
21377661
24030236
23355163
25630243
21658365
25605313
25062666
26009172
22596789
22251561
25904853
24401859
22853939
24944111
24150756
25255244
24957222
21111699
21327011
22832203
21304345
21562666
25551912
24164375
21439415
22920825
21854828
22020841
21368660
25869113
22451907
23433942
24154930
24385018
23897376
21040983
25024937
21997381
23770683
21494059
23284898
23986811
22417324
24985264
22624796
21414485
25042022
24920826
25680546
25342985
22297507
23145924
23663865
22224352
23552090
24992940
21798890
22557186
25176761
22395139
24586596
23494261
21098066
21199261
24908115
25773502
25429252
23587162
23484010
21361703
24731485
23071173
25851066
23404553
24805204
21982107
23728475
22997007
23880059
22285581
25297245
25137984
25264978
25181840
24360452
21561305
25816097
23765553
24993619
22310899
22595923
24498318
22894100
23779619
25171293
25427151
21426954
24316833
21507905
22893829
25248218
24163803
24094696
25637471
23839367
24521857
22066089
24035773
24213002
25088817
21414826
24124522
22219953
21576202
23200910
22414675
25955243
23812701
21446774
24876311
23834618
25509320
25711046
25314101
21657197
23548592
25446704
22034531
24978398
23237968
25632366
24366925
22339909
22752820
22848252
21892986
24674201
25725236
24051273
24724389
21473358
21043857
22634317
24797429
25812276
25608879
22022303
21365059
22040951
24806029
21256823
23959084
24790834
23598479
23394411
21933327
21918602
24382021
24847283
24880661
25136000
24284735
25614749
25066335
25787073
24948771
23248877
21502664
23469334
21968846
24654731
24552084
25984683
25332033
25004278
24532901
23244022
24245170
25948847
23414181
25843881
23240911
22936006
21037876
25575837
21448580
25338806
24232337
23248804
21161311
23633887
25350331
22252073
24278415
21963309
22591010
23534538
23758315
23785470
26001783
23220319
21949182
21000260
23827757
23319142
22728047
21981965
23988272
22998597
25292518
23645410
22255084
21783310
24118780
25167350
25435070
25601911
22331130
24310818
24615807
25463719
24829686
23748506
23662927
21019976
23291648
23790013
25186492
24970452
24722094
23735877
24581047
21137441
23569234
22753815
24470539
24976894
23190201
22934895
23467124
22692336
21347746
22722711
23220080
21541089
22853564
21040865
23464578
24453424
25903961
25145123
23018179
22497624
23082536
24343379
25365731
24107577
24096499
23215264
25443977
23591182
21593335
21461229
21736345
22386630
23557621
22583728
24490384
23554011
23970813
21975525
22171912
25317934
25548990
21184153
25422636
24435727
22395871
24479395
25377572
22846038
22755018
24978313
24815192
24787007
22494145
22254512
23131145
23260184
23398991
24120497
22322654
23154488
24029782
23829417
23980157
23910140
25559176
23763832
23669214
22644147
22086627
22258748
21087221
23258920
25310998
22913151
21867549
22528391
25762701
21735033
21704299
24709912
25723028
24172802
22524481
23162375
25010071
25537892
25162230
22873599
21621218
25523564
21864397
24775935
22597189
24020771
22104507
25865564
24763827
24605996
25528163
21744142
21495811
24564649
25108178
22378932
25335781
25745487
22517713
22869128
25930214
24631868
22950748
22695119
25304631
21330677
21349529
22649016
23161396
22399084
21294365
21069102
25901887
24946101
24247868
21383684
21808582
24600614
22799115
21589296
23465608
21867030
25712413
24034482
25090600
21326868
21297238
25640292
25492914
22961678
21968981
23696716
24066875
21938902
21611482
25015858
25671582
23319041
22103287
22630003
25525587
23503532
23473225
22469375
21864072
25823958
22645899
25301363
22537463
25129360
25038030
25259266
23603355
25819860
23520354
24319410
22434653
21286448
23343357
25161696
23642904
24081730
25494718
25002627
23281038
21089287
24478864
25211732
22769124
24866135
22647064
23182026
21927040
21918869
25667491
23109914
22029703
25287735
22467772
22431384
21207745
25718508
22225844
24268319
21213952
24231237
24482193
25170754
24040493
21807423
25116626
25374597
24818925
25732149
23535056
24061773
23556376
25827720
25415733
22940408
22836818
21192159
24004966
25001793
25690371
22422376
25237906
23445730
22808308
24085567
22798615
25342179
22220307
25142396
23007536
24486413
24858828
23396937
23155103
23308307
24732354
24948730
24183562
25240672
23044671
23623922
23448641
23917512
23402631
21349172
22865811
22569236
21209459
24918148
24962026
21253293
23131451
21346637
22126717
23107314
24896564
21468769
22935931
25607495
23164409
21282314
22189369
23719424
25620913
24157669
22332002
22015802
23731423
25905214
23684440
25267163
22756862
21454608
21357220
23641259
21041499
23458824
21321588
22769014
24145544
23146864
23736575
23285735
24905799
24976140
21941623
22346673
23172254
23054050
22178586
24805418
24562052
23329175
23159537
25538431
25415456
23677268
25099198
22374018
22009520
23141377
24855866
25343169
25814620
25867881
21238603
22387065
21111110
24928945
23769393
21416883
25801903
23206077
21697792
25919553
25453855
21777958
24943666
23530174
21800634
25187465
21170837
24982711
24855764
21550972
25580093
24855918
21871815
22979226
22525542
25189372
22978554
24957610
23545033
22333192
23300406
24639378
25488438
23825836
24295789
23865710
21334282
23745133
23128667
21543947
22333334
25006249
22181632
24729208
23142431
25024676
24863821
24584634
23309491
23479730
21441853
25826312
23321150
23198250
21638629
22998956
24296835
22405725
21402819
24840609
23562936
24159018
21893431
22678519
25707459
23359636
21900970
23060199
22322165
21647238
23225744
25103237
24370073
21279232
23203537
21249013
23187843
24946234
25347000
24204778
24214407
21452826
23689479
22269481
22198928
24013027
25966920
24816743
24096680
21925155
25826777
25550920
22087640
22678407
22328688
25627356
23432456
25741640
25089616
25818662
21118005
21012269
21783003
25493765
22472124
22144993
24249776
21476700
25877495
24394854
21912212
22755782
25999183
21223064
21936091
24337639
21423533
24032600
23978710
25297390
22164252
25285412
23697433
24485685
21701043
22557457
24709371
24378741
25226633
21659238
22107172
25134623
22172626
22849602
22239749
24384429
23887885
21679337
22344295
22927400
24174689
22156280
22780019
24672155
21500165
23096242
21940325
25611836
24714774
21853251
21128978
21614856
22593290
25518984
22479360
22914923
23071282
25970766
25690444
21913550
25591527
23146346
21283963
24241422
22297140
22279705
25594632
25538043
24405020
22735715
23378826
24884364
22387278
22680819
23415655
21604609
22168112
25093633
22885041
25314949
25275168
25333511
21923070
24362568
24437207
21763313
22970062
21338184
22061822
22399599
21915692
22755741
24199804
24403169
26025432
24015609
22698536
21723802
25488621
23310959
21230356
26004150
22970008
21434497
22793855
21843380
23311230
22206785
25350078
24958459
23312968
23023539
22118677
22942654
24979034
24485827
22091364
25934862
21238651
21943252
25514876
25555500
21077668
21392515
21628211
23728971
21093635
22838559
24135617
22934118
22692963
24552895
21318975
24487553
24260041
25731354
23983270
21656219
21779846
25791907
25640883
24874774
23826923
22890615
22527638
25993168
21934944
25486578
25518041
25416678
21492940
22892244
23714813
25325992
21706808
25182877
23262512
23229413
22787353
22073195
23795895
21981069
21688023
25790796
24916357
21060126
23431830
24084488
21978441
23552498
24528572
25362522
21488260
25224780
22546778
22198220
21981404
21760223
21600295
23232709
21638895
25225487
23208154
22857394
24895110
21983596
22228337
24764083
21897317
22736375
24364691
21328751
24998684
21371290
23601526
24744835
23588957
24361689
21151505
23108257
22255259
25766052
22541101
23502418
25226489
22880715
25746781
24755577
22725066
22011388
25022486
24200132
21424413
23593228
21063261
25151016
25082754
23110404
21905671
25936460
25619240
22199637
22069513
23553538
24509655
22182871
21824887
22082375
23099984
23176364
21958020
23318711
24236315
24026201
23256471
24204940
24747828
21239253
21215192
21746202
21023928
22004697
21607281
21370502
24834751
23169959
24929494
24285793
22500142
25037847
21811542
24242534
25128859
21282788
21977254
24827498
22869147
25656742
21628936
21060597
24050615
21823843
23131690
23581049
24616735
21568182
22574889
21364295
24443038
21268722
25584156
25927489
23818119
21210552
24645180
23736493
23398572
22670803
24460424
23324561
22506556
24982743
23444378
23891760
24138561
24119314
22513836
23698436
22249401
22710431
22184840
24858921
22008731
23668224
24683147
23954089
21379259
25720319
23423208
24709665
23848816
25271901
21995742
23605139
23341275
24040039
22999416
23759822
25977174
22309478
23585105
21979461
25287617
23392898
22583417
21144039
25363312
24055423
24277971
24027510
25206423
22916906
21338888
21468101
23274721
21659119
21111933
25478062
25624845
24834607
25969147
24385986
22646783
24937952
25641185
24922614
24408235
25165246
22381309
22604416
25314480
21226423
21709065
22319438
23565351
25010298
25132969
22326127
21358291
22701637
24035903
21513225
24773429
23818227
21613940
22264873
24994765
22925747
21317472
23732154
21893052
23682810
25321082
25447485
21022210
25390825
24369457
23923612
25334700
24382386
25206914
23384669
21469052
22233320
24120238
21713321
23101548
21376209
24803298
24456707
21803347
23847768
22360040
23615797
23548839
23701368
22235774
24927329
24061526
25761939
23232012
22005274
24643571
22267612
24173823
23087771
21779056
21780244
21640168
22948667
25239862
24782722
22670717
22759895
22428759
25746073
21743672
25546656
24863928
22346777
24688272
25734557
22616820
25521559
21305193
22490157
22488503
22890279
23930702
23838819
25575934
23417049
25725688
22877232
22698259
25244948
24446572
24749010
23180497
22380658
22519905
25483407
21690207
22833714
25593650
23227273
21215334
21948481
22948485
22080650
25342635
21605553
24250734
24726684
23665329
24830175
21964720
22234149
25236368
21539120
21047131
25972994
24547539
21143682
24628039
22246611
21564049
21705427
21258917
21188966
25143810
24159411
22383375
25342008
21621357
23769249
24216279
24473670
21589336
21699194
25599003
25966711
24990719
21074711
21554643
21057252
22338178
23267311
21949198
25737639
23751976
22091897
22564599
21477213
21850618
25508245
24416473
23179890
25973508
22125123
23020726
24649601
23268341
21928925
24436492
24189814
25686768
21037143
23087552
24756478
25621450
21441555
24324164
21173109
22871029
22125697
25966103
25394592
23551025
21301995
22887079
25794543
23275725
21270456
21409468
25630936
21036992
23498536
21658542
21155295
22242103
22579356
25306835
25883372
23880078
25534993
24836585
22053403
21645323
23431381
21641757
21439580
26000689
25627816
22239118
22975451
22569012
23581061
24568963
22727888
26016890
23246313
21829623
23586870
22079372
22496242
23812679
23334667
21896460
21394416
23253529
25646556
23661976
24475544
24203394
22502544
22222069
22704636
23842434
22180652
22036583
22620646
22334075
25996068
21091490
22732778
21377403
25411157
24542489
23391033
23165983
24525490
21598751
21263276
22079787
23942771
24781055
21047488
22373295
21499532
22981132
25020193
22997035
21984493
25678282
25160272
22534532
22167034
21150405
24158526
22597413
24712089
22606378
25399422
25439253
24195486
25066326
25446864
23012396
22727557
25766121
23640815
21524173
25309672
23587903
22141937
24771799
25878155
24241668
23558028
22776633
25931879
25889427
24622253
21024079
25654151
24371902
24314409
23483054
24738325
25432343
21931305
22426371
24223945
25836610
25845762
23998531
23313055
25728357
25152458
22933539
22304296
25097997
22564982
24215215
23948342
23050861
23485616
25452141
21971985
24936419
25899596
22815277
23325021
24618538
25341785
25801154
25831069
23179627
23363030
22510501
22734462
24264331
23413672
23190556
22921818
23557986
23113792
21432773
25658081
22685049
22641090
22700761
23738022
21353577
22730486
24186933
22483825
25531916
22150744
21054217
23436188
24635521
25211550
22595978
21867905
23267465
23130881
22841862
22694729
24667151
24549495
22253003
23523967
23731712
22444505
21538916
25634207
25555922
21342592
21634639
22804760
24599545
24853957
22176385
22845918
22240584
22310332
22213819
21212686
21869097
21588646
24364926
24296236
21615527
25440905
22663919
25273725
22650839
22198391
23279535
24011907
21736513
22681689
23417678
24895585
23746636
23655995
23920361
24243437
24440772
22072232
24852551
21241892
24409777
24592002
24379006
24522964
23733824
25076932
23715636
21195698
21393278
23280829
21511712
22127541
21074015
21691703
21596484
23895602
24473123
22206487
22855649
25374861
24629740
22884009
25185321
22698941
25594704
21866388
22559098
25237149
23719827
22516266
21059456
24107343
22425681
23027306
21171975
22114926
22944910
25964169
21864521
21002656
25951347
25126321
22660210
25921302
22065202
25367169
21246685
21718888
25866148
23958241
22018148
23047908
24316198
25913019
25395257
25098164
22521102
23668062
25632300
25510487
24743988
25714507
22534915
25312347
23182817
25833481
23886565
24627591
22632028
24222703
24062230
21209478
23243762
22926715
22359396
21039196
22916943
22764116
24878442
23093529
25512472
22307287
24871738
26015742
22761648
24285348
25505433
25146783
22469616
25767754
21124217
22563929
21797771
23205216
22208778
24894097
25363397
22876802
21381880
22965050
25465029
23353645
24511506
24830653
22557559
25813829
23860306
24803736
21799256
22396840
24359612
21057716
24726052
21120308
22010239
22526110
24022518
25505836
21699543
25288144
21296035
26018187
23550179
25881905
21907739
25761996
21971966
23526788
25862473
22451176
21763156
23933457
25864958
22555182
22961134
25748993
22339308
24073867
24357217
23335990
21420542
24652315
24127998
24250127
24036716
25862089
24274390
22765166
23095570
23916165
21318801
23850523
21409124
22089173
22126269
24543217
21831727
23994370
25526421
24403499
21502611
21112508
24798556
23449182
22316694
25593572
23025524
24592558
25946748
22874054
23409125
23707375
21722476
22849217
23135236
21730055
25341011
25913100
24628325
24654186
22389729
24576026
21694295
23076015
25774379
23502455
22075321
22737712
21244531
21141007
22434647
24223804
24899715
25795692
23631965
23861887
22109298
25359307
21417102
24914505
21570967
21272190
23601653
21210422
22022368
25513281
21652297
21742949
21592619
25342973
23945674
22547771
23172275
24657425
25838171
23762603
23865126
26016462
24663665
23666708
21429809
21541826
22921138
21050498
23718590
23584726
22627797
25920362
22768149
22615558
21877838
21090683
25095543
24669716
24194394
24586293
24466410
24133436
22335384
24215842
21777406
23009696
22207439
25228512
23370753
23239512
25835482
24890321
24878768
25321287
22478330
23436677
24444026
24603760
23040963
22918867
22070337
22183222
24359137
24057864
25509232
22379606
22615439
24012990
23609053
25016053
23774691
25039691
24428623
21192332
21240045
23014958
21412957
24413623
21003238
21081613
24889639
25788783
24548006
22764137
21038463
25700357
24625470
23647090
21897918
23270615
21672085
22533936
25872545
23134682
21109123
22299919
21637774
23179945
25782230
23893786
24745819
25143555
23686711
25192873
22132116
25776792
23229857
23090045
24722273
21595634
22294359
25740301
23445972
22990979
24140650
23513942
21226539
21135213
22414713
24060752
21476550
24941193
24534453
25860685
23115614
22056799
23174087
25853614
24975061
21316079
25103761
24076402
23639012
24715939
24301496
23450896
21303263
23807342
21988102
22707665
25228546
21605127
22309809
22648553
24952964
23678614
24205956
25513131
22042088
25817346
23481373
22489423
22658165
25581855
23632285
22818728
22257256
23314742
23492247
24714845
22285310
23135869
24344077
21274683
22218780
25529960
24166279
23321701
23433002
21972388
25264472
21070283
25690324
25954277
21397924
23522111
21023875
21110133
24692956
22010711
24778455
24476198
23471040
25962188
22791218
25921574
25318256
21859527
24180574
21660476
25994439
22205321
25943349
24945882
23570258
23108392
22461295
23522127
23795521
21344890
25975400
22539483
22823135
21784971
23402282
22861002
24293909
24899838
21367559
25882983
23507578
25461448
24284378
25709464
21694896
21279094
24969696
23231711
24434281
21764495
25268990
23329507
25279667
25568240
23391170
21752923
21631882
24629558
22159985
21190470
22980527
25784236
25525872
21729612
21796313
22835071
24150625
25438137
24501581
22869289
24216544
24280131
25369022
22143537
24591839
22308503
24644472
24929304
23582089
22469134
21782760
24817138
21492119
24299837
24670432
23789173
25756666
21332477
22369937
23295740
25270922
21038785
22430607
23185143
21502993
22315998
25574780
22620074
23588390
25626754
21140018
21117366
25882975
21828300
22479769
24048315
23618904
25162152
25852352
23619175
22895143
22612566
24865509
26013209
24761066
23288754
23522416
21422583
24687177
25479804
24796811
21442644
21939405
25699848
22091775
21886391
22027041
21734629
25667882
23415740
21920142
24215748
25873194
25019292
25116219
23831387
25992767
25943703
22851943
24221842
24663199
22097572
24029961
25955633
23112280
24686562
21499621
21658115
23527781
24882564
25294200
25313520
21953780
21403513
22817767
24231864
24640171
22596179
23478885
24950998
25480917
22981762
23884276
22171356
23759016
24829921
21234831
24845886
24986135
21217333
21279747
21579661
25289157
24635950
23963878
25324419
24727472
22574905
22688398
21382856
23858150
23800914
22148729
23536390
22040628
24350754
21872965
23248858
24484355
22154530
24821312
22302419
22159751
22193223
24040691
23747849
25464912
22359299
22541949
22252759
22066115
24984487
23302440
25080302
21452709
24133512
21445186
24125361
23932917
21326453
23443828
24699523
23272194
24137954
25393268
21139690
23986419
22705490
23013193
22497221
23716314
22812216
22743987
23916087
21717715
25073258
21269825
25288205
23690505
22262368
22450392
23664438
21550069
22251311
25823566
22561041
23899800
22399419
22263846
21330014
23365011
21615697
25382334
25905597
24877345
23680098
21343979
22082151
25436381
22132477
25719311
23826327
22243651
23510485
21831146
24666809
25575598
25368947
24779464
21153939
23593272
22211008
23855409
24609141
22690929
22629270
22585020
22955537
21763509
23339281
24144011
25331414
21136423
23259082
23252507
23932341
24126826
22384067
21398300
25781569
25847441
22245622
23607760
24596871
21342828
25794854
21434085
25911394
23176868
22726890
23688997
21592718
23803612
25095422
25151257
22691906
21206658
23501416
25706588
22812786
24479250
24441325
25552062
24241901
21649039
25235392
23457368
25469783
22106417
23750281
22365264
23379188
21722859
24025632
24123642
22091067
24061582
22197376
22669445
22586142
23494805
21327541
22762802
25479214
21422187
25431587
24554375
23707340
23123970
22578802
21806469
22138225
25912010
25991344
24175213
24662915
21091651
22917047
21739301
23428140
21284282
22481915
21081017
23372055
25118097
25030588
24663903
23060204
23151506
24911286
25385064
23046953
24566777
24576013
24271057
23055306
24285116
22005282
24034407
25972590
24575741
21101361
24602158
23359225
21840731
22607772
22634239
22499506
21778176
25283035
21697744
24323648
23381102
25468521
23511452
25442550
22466316
21175158
24128782
22507040
21226596
24101255
23396868
25056891
22415817
25199282
25534436
23768548
23637590
25474268
24394730
23590252
21207612
22101301
24529331
25903802
22281686
25455920
25603972
21193524
21460425
21074450
22559793
25275832
23308633
24305926
24290742
21478921
25824279
24373201
22431826
24143651
25295790
23149883
25839400
24984639
25721839
21917450
24373336
22090719
22900795
22988837
25119470
25909875
21284942
24078170
22917118
23530135
22213500
22517958
23247730
23561185
23880344
25740979
21418129
24871103
24260218
21312945
22106534
25356650
23419896
23513981
25154364
21196414
24481762
25794194
24829518
24318163
25525085
22175225
23447601
24835787
25825135
22764123
25283244
25747105
25208485
22900253
25444227
21995211
23868885
21913418
23732970
25847795
24721767
24916745
25621049
25585784
22552785
22142794
22873368
21872300
21366926
22766565
22210343
25079446
24688616
25500368
21723212
24207718
24407983
25197654
21229227
21117901
23764428
21630152
24320258
24527997
21512455
25808692
25325642
21582338
23056855
23227135
22581249
23746234
22127837
22125357
25972213
24308598
25399292
25324120
24354742
24867500
24082214
21582978
24693377
24151274
25659650
23963598
22882656
22962667
24567283
22572490
25579494
24350207
23011738
21529476
24928229
21069853
23076103
22266896
25637749
22469659
21561172
24675729
23201812
24314773
22568211
23213580
25369944
22236527
23549473
21372973
23933328
26022447
25784792
25398308
22139249
25479387
21510250
25259462
24349138
24096198
21030276
24602240
23059865
25639894
24436951
24630899
22857819
22874322
22675643
22070741
24685059
22388212
21300914
24565363
21443806
24870144
25867199
25749528
23903509
21358551
22617112
22711188
23095784
21354189
23854189
25800354
24852886
23222558
23593955
25352608
24682684
22311439
22515470
25641923
22537997
22729762
23967920
22710507
21466262
23150165
22667000
25486763
24423464
23166710
24416432
21917832
22116672
24116053
25912303
25374710
24290563
21973452
23772150
25913269
25070285
21798858
24617150
25485333
25342607
23161339
24859384
25421281
25476620
23397569
25427814
23006301
21381192
23831815
21404220
21907331
21258633
22498891
22769243
23127885
22912181
21911471
22630414
24077776
25178015
22048292
22223340
24262014
24590582
25677794
21600374
21071464
23103687
22942774
24941369
24904719
24546873
23766744
24667201
21232825
23673947
24599015
24986094
25936219
24284438
21794239
23786141
22649945
25494911
23130894
22910451
21004675
21786077
22457296
23522887
23006353
22989443
25854985
24105681
23323383
22719284
22937708
22202695
22335693
21403038
23759042
25915011
22946358
24981104
22074389
23160481
25099273
23542169
25213174
23038047
24945898
22982048
25649110
23640483
23081824
21700265
24789572
23678281
21956177
22642581
25506185
24917188
21702957
25800077
23661189
22322438
25511227
21753430
22983671
23260867
21597816
25778381
23739194
22091241
25815099
21790133
25520459
22640879
21839107
22889664
22427241
22810190
25557227
23607193
23237199
21037224
23109797
25485459
23388552
23913657
24158324
23265694
25122908
23904337
23699703
23307207
24783401
21942776
23115120
22844648
22102336
25287867
21955855
24458651
22656807
24817528
25065816
24009909
21246843
22355800
24986318
21165806
23371039
23869793
22435592
24860501
23078859
21053248
23964972
23180124
25673664
21200365
21166571
23701001
21942602
24322226
21281861
24541803
22814885
24679494
23606433
25401378
22365206
25435025
22409639
22018609
22006164
26015940
21842982
22230228
24483217
21405002
22945870
21613350
23150044
24428308
24913701
23190383
25648574
24028639
23047156
24339257
21048378
23660517
21153255
23452702
21537983
25253066
22761935
25035337
24343618
25176806
23519195
21130512
24104351
22969376
23032814
23489850
23706021
24495463
21630966
21764893
23705453
25988230
21064329
22772389
22792597
21234966
23752158
24535202
25300742
24035550
23308896
24839616
23941784
21009710
21245971
24693635
25176163
25230549
23719880
24240608
22005002
21109013
21291064
22812704
25490944
23955110
22232887
22066882
21508954
21220059
21668082
21071608
22922261
22763330
23276516
21770083
25765955
21632764
23696374
22925126
24086043
25478358
24222075
24575165
21940047
22803782
24298101
25768917
23005304
23757011
22358587
24662305
21431892
25775855
24378147
25325146
22952577
25985612
24040325
25072225
22153740
21791427
25457269
24239760
24422714
23340929
21686518
21546150
25544708
24901216
21950633
24156931
24352912
21199431
22599073
23349676
23906100
22412542
23928648
24045035
21315033
23811244
22249905
23817447
25017365
21266930
22286888
21231633
21436028
25015113
23323336
22503466
24161500
22401200
24877997
22653189
22854043
25866522
25638147
25161569
25772137
21922801
22750571
22234025
24311473
24096710
21592776
22728370
22526092
23946473
23542483
21889733
22679901
25255506
25171797
23094425
23731539
25027583
24418915
23882769
23469852
21639191
25251593
21625814
22612819
24229389
23433897
25390692
24206969
22899409
25955555
21495554
23034476
21209892
23942939
21160996
24365738
24456394
25549080
23456882
21185928
21803283
21489056
23820397
23501887
23705213
24088434
22412906
24973442
24265935
25665454
25013076
23244253
22007920
23844113
24937826
23391441
22403253
22612662
25475292
21729385
22717440
25725835
22507423
24751294
22724079
21291409
24227057
23370257
24282656
22981045
24835813
21772469
24366064
21917681
24564884
21859123
26016643
22960118
24603649
22850377
21359377
22311960
21651827
23041038
24781933
22600052
21066405
21421495
22326224
21553122
24388067
23435700
22256567
23257731
22110203
25874842
24580728
23091929
21868940
21853557
22493591
22747424
21203721
24484174
25663933
24594021
23505475
21713308
24502033
24190777
24361579
23804951
23966075
24446966
25767364
24927013
21084057
23659033
22810301
22700370
25103163
21246749
22223814
25525509
24661471
25342669
24421437
22613233
25068570
21636551
24331955
25580803
22724249
23839261
24544652
21764529
25013683
22705612
25315595
23871757
22542554
24926193
24619061
22657192
24259825
24325671
24134158
22651198
21472534
24181307
21207595
24601873
24448372
21375915
22762495
23204440
21623626
21132018
22741643
25219777
24214134
22392230
21184977
22655008
25663305
25152404
25836860
21666856
24366418
21471808
22381060
22633561
21712996
23055960
21662148
21754459
21413387
24121320
22195310
24840708
24065608
25127565
24508223
21268838
24828874
21923911
26021917
23333753
25979681
24861177
24871407
25639912
23870866
24876213
21034971
22518001
23821727
25397158
21318066
26005722
25838279
23137849
25016312
21997532
23684248
22306604
25749674
23850581
24008220
22780093
22124845
23222484
25283385
22363218
24604915
21901520
24411606
25319919
23044133
21718529
21801577
25223019
22135202
24668671
24291728
24987165
24706466
23760119
21499990
22730026
23286836
24942157
23151817
25281161
22168605
25135894
23975700
21165047
25136737
25658363
24019264
23260824
22111972
21967828
25790902
25131617
23757204
21255317
24982474
23646304
25667485
23031432
25057855
25881235
23478375
22826580
25957532
23061227
21991353
25453844
21736136
26023192
23126271
23564568
24233946
23109017
22067424
25116293
23011228
24687731
21459436
25606060
25603862
25853259
21089793
23731820
25411132
25773450
22398631
23145059
23804079
22358509
22795168
25617981
25441195
21105273
23484001
22693069
23150251
25632836
23330004
23550650
25552494
25242343
21188510
23234699
23088440
23950873
25657564
23415067
25849032
25276628
24613144
25767721
23265918
21829616
22392973
23545955
25940617
25227366
24797516
24721013
25258844
24326305
22108278
24507297
21691386
25908800
22384644
25095651
25260398
24058443
21849304
25994496
24181737
21956911
21395003
22940107
23496005
22770624
25191104
21451407
21712449
24355023
23729293
23962713
22219899
21183119
21295675
25942475
22056868
25436867
21091996
21795714
21323451
24389120
24396966
23234707
24669884
22434199
21883198
21859490
23070231
25925479
23554912
24092033
23071030
21513044
24281407
21367414
22859916
22819036
22781143
21480725
24327198
23099511
21432079
24966046
24460517
24428727
22043192
23054490
24095801
22441455
22360596
23257964
23092043
25429382
21922341
24647259
23052735
24182282
21368659
23987122
23719926
23644244
21034815
25457522
25252003
25997998
22098628
22204926
25487758
26004248
23806392
22826013
21538274
21897049
23777916
23624781
25641631
22921390
25514669
22345023
21969312
25509214
24666751
21374301
24723914
22726680
25428776
24422455
21760629
23689782
25341345
23642337
22716888
21477870
24205902
24684563
23957658
22293705
21430897
24564677
23817740
25749985
25645131
22907014
21581690
21288922
23663497
21051507
25812651
25320378
25461980
25234451
23473438
22271926
21060291
22399575
21066377
22610739
23278636
21229828
25732542
21968030
23239858
23804330
24633906
23965056
23755771
23340682
24382510
25465633
23706565
22354827
21208534
23195514
25072495
22432189
23193815
22589575
21141276
23076022
23936399
25532057
25391698
21744511
23663130
23341911
25726949
22995261
21363323
24602414
24442990
23587823
22282889
24703090
22721835
23049120
24358474
25348978
21499961
25741915
23835180
22631675
25655837
23578836
24505188
25279619
22743112
21212280
25628712
25663726
25736663
21697161
23739972
25641834
24858633
22676389
21270001
22723527
21033792
22871633
21096233
22712088
25611007
23454960
24340283
21747866
22427549
25907217
21977542
25756562
25131044
23060816
25543623
22407144
22271039
24356969
25634410
21212398
21017150
21670564
21469507
22717568
23577355
23012995
23619748
22016595
25713697
24632167
23411790
22449974
24867212
21025029
24606783
25119962
25677350
22501100
24188074
21496134
24607261
21463469
22366392
25338109
22235305
22306983
23542525
23656270
22254747
25159463
21990224
22694261
25345092
24135153
21592709
21737561
24601151
23526543
21221187
24741345
21983831
23935733
25457663
25837515
23620453
21561750
23873796
25494115
21787437
25595450
21415031
24355551
25334912
23788907
24584771
23507898
22764939
25960697
24975743
22571285
22707894
21991718
25165438
25373619
24403988
23515222
22716316
21326504
25521807
21734926
21466898
25012215
23551051
22077002
21358606
23670416
24931565
25398780
25278470
22675320
23258134
23926525
24742322
21400551
25788620
21180131
23897993
21911974
24453010
24075747
24822915
24936575
22232809
24064505
23222207
23580926
25367436
24248335
24211557
23661103
23018991
22527570
25716005
23078997
22977055
24148907
24608669
25219749
21665262
22297079
26026020
21557703
25461190
24583080
25499935
22060374
23220476
25559424
22696078
22502434
21141082
22721656
21565302
24375831
21954676
21563157
21706771
22045466
21025962
23675563
24108145
22154197
21614683
25346082
22006985
22719022
23918552
24211845
23290078
25515149
23808039
24480808
24587593
25764562
23125799
25156365
25752117
25550637
24663140
24146679
24251560
25868914
24354264
25347983
25206164
25283178
23139362
23313915
23598110
25700702
25283767
21434066
25215427
24168858
23016754
25842514
24558182
21610028
25660846
24098223
21635341
21713502
24258704
22365211
24430212
23808540
23794919
22540221
23917309
25454926
22390660
24519221
22352037
25001697
25787531
25443986
25864360
21440261
22985790
22942617
22211271
24705607
21268907
23025711
21110792
21397796
22311496
25453179
21476925
24743331
25741101
21845951
24000095
21812033
21122460
24596707
25593164
23906410
23076469
24837475
24586245
25506235
21086786
23015449
24807220
21779148
23952423
25180915
22959362
24733082
25990828
23073776
24280419
23062352
24184377
23530005
23566885
22406720
21856131
22259165
24627087
24078660
25518724
23649412
21618021
23249075
21273649
24143415
24158136
25520386
24399307
22272128
22120456
23330706
25996943
25217497
24507683
24629692
23149928
25678846
23218761
24213352
23471809
23617691
25442345
22822820
21706612
21225185
22727076
22721645
22773994
25171863
23815498
22708349
24993602
21778969
21952947
22589969
22875560
22356121
23988441
24158757
21377382
21561830
21426130
23937855
24284741
24480449
25363629
25477204
24900198
25507233
25981920
23378792
21482519
25632527
21951475
22279425
23316370
24492096
24615943
21334522
24481978
22520249
24137828
24723267
21473460
23516742
24619469
23765626
21995374
22484832
22034206
24259071
25016895
22489565
23912978
23202737
24351416
24031654
25723065
23297112
24254696
25702908
24465854
24303980
25966146
21690056
23799713
24435435
23432260
22739128
23878631
23234798
22036155
23881155
23983888
22111477
23284491
25365667
24184271
21952415
21929548
24855228
25106452
25200971
21097207
23553634
22349007
22286479
21275218
23557495
25772159
22854805
21099850
22058855
25876503
23350788
21911120
22304228
25721686
22919324
21535566
25530035
24369190
24795652
21617507
25959522
22240565
23852790
23926551
22988175
22572458
25744228
25082380
23863735
22918845
24809202
26018028
23712547
23775435
24900318
24128394
21225959
24394366
22422664
21316912
21968380
21066818
24420994
23494052
22866498
22033337
22793481
21638575
25645424
23224900
22736556
24851181
25375941
25861593
25875622
25300029
22576624
22169007
21270907
25838865
22821535
24178671
25989016
25740882
24189340
22816839
23048609
25507290
24849486
25723941
22937978
23185459
22530880
23508795
22901095
22364582
25436297
22931013
21837881
21413392
21441839
21894142
22638273
22893866
22363793
23447431
21670538
22293615
25590617
25273768
21659563
22004651
25906096
21542435
21838973
22821903
22360054
24893169
23325831
22722033
25955032
23956220
23494367
23952180
21533417
23319984
24582337
24865563
23418301
22059417
22328448
24491608
24965553
22601193
25344943
23793400
25891153
23072604
24014160
24563495
24484822
23018256
21928038
21185603
24001295
22307771
22929965
21670357
21616923
21835461
21574422
24646927
21619652
24592453
24844908
23809561
24155666
21886477
23283475
22327571
21651935
21152033
22424666
23133722
24727740
22303799
22301289
25692269
24382712
25103039
21330872
22121321
23344785
21902549
21563250
24566998
23921070
25823621
21719647
25943442
25096620
22655322
25742599
21505197
25322094
23411109
23210698
22731484
21603727
22198366
24223822
21516691
25729588
23817352
22184836
22651016
24617815
23685039
21256121
21894730
25637047
21275404
22543905
25489418
22794163
25714766
22049498
23623845
23650183
23017842
23562983
21287397
25278307
22980836
24143348
25723562
23506192
22612020
25672138
25001836
22610417
25888732
24259282
25843541
23238179
22364409
23828062
22466270
23221633
24602046
24497719
25383618
24897313
25048368
24847980
23679561
22850635
21507067
24416012
25894743
23810018
22724117
24271451
22881593
21172825
24071386
21265403
22460117
21902905
24156571
25951070
22106753
21169020
21780013
23519460
24338219
23423952
22145325
23171265
22463536
24096355
25605896
24117275
24756985
22259480
25870929
22766789
25030228
22382788
21710839
25169370
23621138
22314664
22822437
22297420
22878035
21788052
25279070
25008649
25057099
22684806
25229111
21498672
23210770
21786061
25902222
22683377
25332571
21905353
23156748
22022312
21553177
23798027
22537249
25825971
25747580
21257577
21169958
26013263
21864614
23662755
24046655
22724970
21607424
23022534
24961363
24106108
23030099
25436529
22943492
25136940
24864997
24649136
25021417
22139330
25010504
22611777
24922192
21887759
24308444
23102935
25937362
25319886
22627460
21739927
22018834
22468603
25998378
25378684
23797712
26015810
25852717
22524322
21171555
24353246
22946973
25719207
24601660
25850628
23973504
22069700
23093289
25953035
22781349
24442893
22026828
23716953
22599238
21430799
24272148
24836893
25011245
22534867
23912762
23627688
25122649
22902152
24661733
24231648
23288549
24576209
24286213
23351590
24186707
24732780
21439209
22661837
21387407
24840923
24613163
25592440
24081332
25679811
21665874
21935582
23104239
25876512
25772263
21041141
22937269
22874914
22552324
22318258
21104398
24647260
23238703
25457687
23901077
23064789
24586510
25666351
24950467
22829334
25813284
25141743
22370950
23685761
22548877
22855872
24927901
24706776
25919607
22927667
22721505
21646209
23520265
22237936
22369045
22664177
21838202
22029712
25076143
21275883
24384372
24507617
22136051
21875143
24084632
22268589
24429836
24398850
23305146
21671269
22165606
21198443
24304037
24365593
22378288
22512992
25090325
24584231
22287728
23933485
21825122
25584497
22759722
25783967
22157098
24694065
22401606
22192721
25738876
21692535
25077738
22150776
23893895
24001677
24027985
22596725
24191426
23603638
24434303
23099564
24234771
23060117
25668764
21946994
23553373
23006671
23681960
21381941
24333171
22569688
23221032
22230004
23200719
21726521
25088883
23274439
22374922
25607139
24380605
21245747
23121334
25371775
21633668
22677874
22991566
23252903
24648406
21341812
22972987
23138875
25479861
22138147
21088800
21769257
22525254
21008322
22494622
21175432
25301318
25550197
21747706
24753729
22799995
25587177
25894125
21170729
21463340
25700050
22905654
22724080
24515976
24522841
25078473
22246945
22384410
22598602
24399778
21171171
23387849
25208208
21629938
24315119
23995125
23872547
23385372
24046343
23075488
24063059
23378688
25300350
25097356
21403080
25141524
25597868
24408942
25890744
21102639
23344136
22601622
22506253
21615404
24361527
25857078
23226009
24703469
22372835
22470332
25161199
24932881
23043454
22507510
23141224
21424151
23524792
23047102
23191785
23259218
22805331
22360892
22788272
26000984
21601483
21216992
24951170
21396297
24693143
22619032
23121562
24449896
25366092
22971656
23816816
21468172
23357202
21343429
23405537
25267346
21124254
23676126
24153671
21570833
25505564
24269128
25570491
22088402
25452568
23281261
22684259
25004205
24907201
23513515
25419196
21182807
22597530
22157007
21946762
21298114
22456539
23196373
22345344
23798258
21858272
25144342
24740033
22753919
22895831
22140788
24699882
23532769
22636917
24235586
22173747
21685732
22651232
21517645
23061794
23676042
24244880
21789394
25629454
25855262
22949975
22060563
24517717
23906775
23044089
22087316
24977311
23726759
22183684
25567450
24131653
21392045
24676446
21563799
23727670
21457628
22828631
24991533
21040962
22090953
25926862
21350688
22817231
23086921
25280635
24640649
24466235
25654061
21778614
24951857
23835230
22770602
21103289
22681007
22407575
21218773
23746031
25002765
21318686
24569899
25334043
24590418
21991384
21520587
24293015
25739355
24277059
22809373
21478781
22501327
23763201
21467001
25721403
22683106
22447145
23643444
21231810
25398642
23107178
22803986
21827182
23891884
21353030
21844706
25829373
23216664
21792786
24482737
25253592
21303461
25410984
23930050
25472365
22417319
21072493
24765731
25447850
23916699
21979506
23266700
24703764
22480275
24264408
22958668
22093850
21597080
22855374
22351883
23270853
21117883
24444142
21840523
24017502
25663359
21647649
24587588
23611392
23313212
25750338
24306426
24544135
21134947
21207209
22847056
25501660
21800026
24619362
23180156
23314326
21566102
23922891
22216562
25943596
24283520
22318140
25038586
24926962
24421361
23120016
24363083
26003594
25777536
21699105
22467611
24648933
25539750
22350904
21771221
24386612
22870215
21839534
21022857
22121752
23451285
23086872
23659272
23150514
24130168
24055219
21946561
25764144
24681528
23020147
22006111
24012802
23471405
23244189
22636908
25283771
23395756
25443479
25462189
25814484
23262849
22596712
21131118
21220568
22267697
24189832
25755257
25712077
25520271
22421947
25478650
24013261
24864647
23368291
25386615
23258077
25515353
21524736
24181102
21187420
25681155
21729007
24257251
24806171
21647760
21518593
24093788
25999766
22627770
21016514
23961072
25480156
25869606
25861918
24393388
24422261
22080914
22084095
24364554
21309631
22678694
25701981
23353396
25643133
22614332
21615767
22954607
21345843
22720021
22467627
25512132
23167573
23534527
24199126
25919322
24651258
21167929
22384226
21346413
23392731
21748328
21003211
21837345
24385617
23344261
23999523
22780226
21290061
22852413
24948461
23448293
21095660
24335244
23251062
25260686
25818289
24236596
25282498
21273374
25690286
24569137
22612782
22789123
22866891
22615496
22458353
22188485
21004452
24596845
23738530
24724969
25637811
22065626
25371960
21066770
23829291
25531410
21977776
21198707
22774659
25349666
24832504
22358649
25008853
21732638
21824459
21748645
23591695
21475308
21267411
25864297
22582768
24216206
25610464
22967487
24323259
24716889
24334750
24360360
24810385
21568408
24842011
22818861
24641126
25027109
21070177
21694587
25311780
23873042
21117646
23910261
25891819
23847797
21266902
25985651
21576973
23812849
21427050
25394335
25484166
22805344
21005836
21154175
22913383
24433230
25467438
25122000
21864223
21104737
21650094
22179521
23558715
25748568
23723338
23202810
22839335
22738700
23041330
25578135
21676711
21148307
25779816
21651926
25173427
24956129
21837997
25024897
25220262
23652269
25732619
22845605
22188619
25815386
23825373
24438520
22734701
21506136
24248962
22226537
23473617
24073479
21696982
22609848
23439539
24802424
23700169
21207159
21783537
22317271
21682028
23341835
25403825
25390846
25383395
22429980
23363937
25846138
21077160
21544837
23552764
24491020
24775969
22545330
24055040
25517680
22887393
24157202
25763180
22978827
21897857
21192579
22560750
22574207
21120571
24383499
22874099
23823167
24265351
25925031
25791540
24942558
24776530
24363416
25487666
25893395
25409635
23036924
25984411
21053525
23379350
24223512
24031203
23450206
23706333
23295207
22772493
25779569
25548608
25742303
22855341
22694665
25734438
24114983
25383721
24640124
25950746
25516922
23132132
25444677
25577947
21007766
21636919
23891468
23373183
25239486
25335658
23121242
22302259
24301019
22231574
23553875
23667773
22629904
23700652
23475664
24429300
21776503
22344936
21940467
22030981
23423807
21984715
21545434
21304732
22178783
22795004
24559900
22990578
21512574
21048246
23635909
21887531
24518587
24896817
24041498
21530832
24901278
22255488
25873854
21585850
25889411
23889563
25757693
25527438
25965614
23122699
22269021
23735945
21249984
26000391
21319688
23497289
25844123
21594378
21345351
23866237
23708911
22168848
24997539
