24840708
25118097
23478375
21402819
23494420
22016595
25109058
23810018
23225744
22631713
22747424
23201812
22901418
24861995
22494145
25354105
25228214
23445730
24918338
24156146
21229374
21241892
24235019
25850628
24986318
25200971
22217328
23937855
25044455
24301024
25756562
25065816
21181426
23398572
23458824
24181307
25765284
22417535
25180438
22589575
22179521
21263276
25984683
21605809
26019274
23415114
25341011
23411790
22110203
22549626
22559373
21104398
24127998
21021466
23450206
22198595
24524268
22609848
22849217
21428902
24521296
23884603
23120016
22721505
21033792
21791904
21034815
23461823
24019238
23355926
21498672
22206367
24503689
23001150
25826895
23248804
25225487
23107314
25427814
23492247
24366064
21164993
24030236
22552748
25122544
25325992
23999523
21722859
24051273
24563495
25024937
22112701
24479708
25731354
23659681
25072225
25493169
22363511
25506235
23224900
21965573
24211856
22681689
25591603
24510337
24982711
22307287
25741585
21633668
22461295
22629904
21777009
25059933
22923548
21232825
23766882
22970062
22168296
24522964
23498536
23076694
23379350
21414826
22631212
23839487
25366092
21070217
22211386
22974393
22233320
24141221
21760629
23076015
24024680
23735971
25162152
21647917
24568963
21342592
22253328
25347000
23765510
25842548
25175597
21018209
22171356
21990224
25978137
21544894
23828459
22478507
25197871
25853259
24669716
22944821
25029162
21838973
22658087
23887321
22799115
22668905
21506816
21459503
21771792
25197654
25377138
25913100
25657564
23483054
21780013
22874054
25616535
23092043
21638614
22601000
22414675
24032673
23220319
23452702
21673068
22273006
22083300
25900812
24262014
23089855
22294316
25398780
21592776
25960697
21785657
23054477
23552399
23697808
23155103
24864027
22193223
25662418
23522111
23187843
25371775
21903811
25847637
21817769
25540865
22230593
22359396
23631767
22823135
21468769
21995742
21414792
25164104
25503171
22465254
21587094
22326127
24394486
23738530
25919553
21048246
22764123
24078660
24100856
22313372
24365738
24539569
21238074
24535202
24978313
25023909
21016087
25551773
23150251
25560627
22671293
23810212
21699910
21923070
21308806
22285384
25984411
21075684
21316912
24363416
22981045
24721013
23373079
24816362
24491683
25985651
25795692
21179524
21664596
22895831
21673911
22931013
24073212
23380199
22163055
21734488
25601911
23593321
25336060
23091929
25602571
24273176
23229413
21885654
24295669
25454926
25410984
24937952
24047117
25221990
21218550
23689406
23215374
21488260
24950691
21345843
25059949
23195961
24738072
21260809
21057962
21608153
23728483
21003737
24607261
23582841
22961441
25787073
21318509
21827182
24017502
23551051
24438555
21318975
22087316
23685039
21698623
23584726
25763180
25266995
23126887
24812555
24285116
22270924
23270828
24664332
23409125
22010239
23396282
23253529
22251561
21198707
24805418
25143555
24593599
22919409
24077283
24015609
21614856
24294410
23658612
21215811
21377382
23070719
23967920
21968846
21332013
22344936
21069853
25658363
21448244
21991384
24541803
23731423
23662755
25512472
25267109
23787557
24876311
21330014
23662581
25634410
23935733
22534203
22774336
25392204
23700169
23551835
25850569
22015802
24223512
21284942
25655837
25890602
22978554
25594242
24458461
24620164
21239253
23423619
23795419
25606060
24084488
21834782
24491268
24576366
24825825
25543678
25907578
23286947
25407579
22497396
22077002
24061773
22059417
23086872
24382021
22522002
24690675
25544577
24285348
23200724
21887759
22916262
23205216
22397760
24847980
25965205
24590582
25825135
21685463
22161267
21710737
25931879
24692956
23782450
23055960
25913019
25823958
21818600
22075321
22055013
22730026
21279747
22202525
24217137
25201629
22231574
24289861
22595978
22617637
25767364
21169845
25121306
24699491
23080115
23089900
25979681
22398631
23079009
22818861
24172802
23945674
21874148
24514370
23473212
25777575
23027783
25983518
25999183
24302658
23619748
21917426
24278415
22190492
25046890
24897896
23604089
24730017
21202278
23831815
23343543
23377033
23407627
21200787
24423464
25812276
21318686
24216544
25590495
21304732
24459253
22819036
23965056
22529247
22581574
22298966
22615923
21183000
25446704
24173233
23034476
21074711
24987165
25770759
24605821
21581690
22716316
22049498
21803581
25028819
24817528
21474370
25739355
25328723
25211463
26025432
22919324
23009696
22516858
24945882
23664961
25831910
24040493
24492096
24811207
22299499
21610176
25548608
21240045
22725446
25740979
23948342
24143348
22900253
23728971
24640124
25801903
22018609
24029500
23975672
25446864
22328448
21146324
21656626
25559176
25443479
21966490
25912303
25405639
24413168
25738768
21777958
26016627
24868521
21389677
23593955
25041578
24016985
24269741
23815752
23033142
23314326
23634047
24155028
23896782
22188619
22488503
24688616
24166658
21102507
25248244
21421802
25676263
21414485
24096499
24394854
21650765
25778381
22211008
25515115
24948965
22319438
24135153
25838865
21939973
25268990
24350754
23872547
22385333
25496013
21299346
24192645
23112280
21864242
21928925
21006213
24343618
21002980
22204351
24050509
25283771
25555323
23036924
25213174
21763563
25377572
24792946
21324438
22239118
22824275
25287617
24943187
22564982
25855186
25454786
22204926
23448390
23271078
25127553
24106261
25602239
23128667
22464914
24487734
25890744
22056825
23683262
23280752
24825586
25681155
22212183
21495583
25428671
24529886
24305039
22258748
22091803
22690929
25119470
25223019
24743988
21605127
25136940
23038047
23704007
22351883
25887008
24260041
21937231
23692733
23659272
23124026
21570833
23759822
23564229
22642581
23505475
23636925
22644977
24327198
22389610
23804330
25841346
24456707
22778570
25551732
24998684
21948106
23384669
22777069
23162545
24369190
25443977
21428273
22061822
24830492
23392731
24622567
22030024
25531364
22434199
23229857
22197309
24056104
22980767
25472365
24477591
25136238
23150044
23252903
21735033
23701368
24079634
24884364
21176893
21800634
24205902
25332571
22793855
23769393
23260824
25555165
23344261
24537599
22612782
22781460
21931819
25421281
23286836
25582286
24260218
21743672
22102738
21950102
23423208
23997533
25795166
25689592
24413623
25989016
23071173
21238901
24965405
24421966
24343379
23145059
25436297
22006106
22776633
21945449
23933485
24229583
25171293
24842011
22051605
21477213
25303441
23980269
24601873
22232809
21434661
21642746
21069102
22364582
24724969
22406720
22924737
24042429
21568664
23424956
22284641
25343570
21379259
22517359
23013193
23351692
24598595
23147485
22810516
25457663
23479730
21462026
24534453
22942654
21327894
24244843
22120715
22352664
25887674
22923922
25453179
24780906
22225195
24932878
22763420
25940147
23408069
25824954
23114042
23523967
23713967
24191321
22838559
22333334
25395257
22070741
23772150
21313682
21532106
24632167
24476198
24673093
23881155
22726680
22537700
22390660
23213580
25966146
22039646
25314480
24064432
23568672
21576973
23093203
26018761
25063923
24215748
24859384
22334075
23171265
21475885
23291260
21477825
22417319
21318066
21287312
21610281
21103289
23058645
25390846
25971705
23557621
21432773
22200566
23226009
22698974
23017418
21214815
22893189
24558182
24152252
23040049
23940193
22469616
25499935
22557559
21429202
23660517
21942943
24467598
21040962
23175244
25279070
25067486
21285390
24076402
23118507
25356797
24031654
22705490
21880197
22601193
24893169
21867736
21528856
25494718
21440290
23798027
25518041
22232887
25076180
22586142
25682378
25414728
25380906
22930406
21037143
24498753
24996469
25660846
21585396
21343979
23878631
24954769
23649896
23723338
25941074
22156032
25525872
23239512
24413588
21997381
25959522
26016643
24465612
21669920
22096151
22106753
24019520
24482737
24615807
22651198
22508894
21780007
23357202
21100269
25335658
21171555
23453090
25843541
25814620
25176163
22025183
24639378
21730427
22148729
22756862
24529331
24308598
25179218
23870866
21975861
25052403
21722476
23642585
21296287
23657664
22691927
21776534
22955537
23708911
25784792
21249984
21065453
22483825
22599238
25518965
22219527
22892939
25868914
23195990
21293815
25955633
22918845
22620263
21200365
22384067
25479285
24131791
24989453
25341345
22254919
23433002
21022210
25503716
24763632
25921302
23349663
25627665
24802419
25019292
21539120
21315482
21082095
21842010
23130249
23465707
24699755
25628219
24831661
22507510
22791218
25002765
23572327
23587162
22498469
24189524
23495649
22368419
25795173
25514876
22719103
23642750
22659653
22338178
23581112
25371959
23799713
24768178
22338220
21618510
22489948
23191878
21858519
24398523
25903961
23266700
22537027
25478478
22854729
23919556
21903521
21279232
22301289
21877838
22569262
22631305
24527463
21154277
23651425
24862383
22596179
21254786
22201026
22604703
25833481
23324561
22905225
25405199
23662523
22570604
22283715
22803782
25404399
23249315
24820266
24944416
25110570
22210609
24866135
21712996
24208033
23071088
21400930
21626700
21739301
24484174
24548582
21067168
25729441
22578031
24128500
25057099
25815099
23364530
24355902
23073776
21002869
23562983
22066882
23990031
21291951
22956297
22497624
23684440
21466898
21597418
23581441
23433030
22121321
23137849
21368931
21423533
21177945
25434607
26023397
25410449
21334067
21649370
24001677
22128315
23510485
25159476
24875276
25256834
25969147
24380605
25274072
25116219
24159411
23078997
22058021
25780450
23546199
24693377
23989477
21935601
24176900
22896301
24956298
23597969
21429809
25487758
23719424
23580806
21868940
23159537
22742050
24136821
21561172
21129294
21824459
21739755
24669167
23179796
22437203
25013381
23146346
24841501
23114344
24679219
22339909
21454020
23550111
21167725
25433733
23032814
25699752
24613192
22722711
22407419
25712413
24661471
23529843
23934695
25839400
22506873
22145325
24259166
25240684
21543947
22241656
25725835
24978716
21604775
21789394
21911187
23433889
22467611
25325642
23180124
25597868
21392515
21513153
25283756
21151429
25391698
24536466
24986376
21534792
24308162
23089127
25270922
23367123
21036265
22079787
23731820
22235464
22178439
25640292
25680546
25019263
23179945
23913998
23842091
21446774
25304631
22091241
24004966
25202735
22801650
25425721
22530880
25972590
23179627
21788286
22742035
23206077
24871103
22684806
24003242
22121151
24192776
24938125
25518449
25498282
24679494
24609331
24323047
24616735
22667048
21907499
25161199
25801154
22243449
24990263
22438733
25690371
25567077
22434006
22873599
22678694
24155370
21350384
23014958
23249565
22541949
24176288
22241384
24610507
22250939
22304228
22011388
24636706
21912212
23696374
22025951
25860467
21505197
23390047
21582132
22047440
25357170
22069513
23715636
21360465
21150929
24603723
24157669
24604774
21117646
25373619
24450757
22639195
21946762
24576026
24727472
22665464
23442763
22681007
24461189
23920293
22168605
21195876
23336123
23176364
22314005
21890849
23959969
21409382
25628712
23245455
21420542
22381060
23822979
22222486
24681528
22983003
25642677
21745717
26008700
24190777
25151815
22052221
23494757
22724970
25150434
24314409
21196414
22670803
23846743
25549324
23891615
23214286
25436196
24257251
25488621
22664874
22961134
25178146
23043454
24771401
25313124
25694725
23997687
25663305
22103329
25353610
21253293
23942771
23359225
23034878
21718297
25815386
25250554
22437986
25012258
21482519
21443424
21928860
25179564
23631756
21237363
21894181
23313212
23685761
22590570
23097850
25664048
24111099
24652797
23988441
21231908
26025347
24063059
21006687
23766744
21837881
24837475
21659238
21651827
21353250
23174871
25355868
22753919
21283963
25806069
25334912
25931242
24231864
25285865
22902510
21036992
23688732
23696716
24385087
22785107
24712089
22383375
25035289
23854727
23713710
22648553
21422583
23993966
24975061
23952423
23679561
21823843
21052528
25912010
21821468
24295844
23746234
22633561
21865474
22479360
22739128
21632530
23950873
25464773
22033337
24117275
22676223
24219855
21781717
23707210
22545330
22456021
22971656
23224973
25103163
21052224
23373183
24264331
25154364
23086921
23545885
26024698
23821727
22759758
25473403
22308198
21021980
23340478
24039613
23847797
24192594
21184020
22387827
22249019
23330383
22250928
24809887
25581818
21691386
25180203
23786141
23076103
24013696
22680888
25153502
23091179
22007743
24547179
25663933
22088402
23050285
24532901
25373186
22467772
23899588
25555958
22104507
24136013
21256117
23312951
25563748
21296035
24498318
22219415
23051880
22809817
22220307
21300674
22969475
24826478
22968315
24083973
23971323
21303263
22414713
25444227
23060463
23262849
23293816
25462189
23788648
25152276
25742913
22557457
25131915
21602651
25997998
21629938
24838142
22845605
25915027
21033301
21066770
21808582
24919065
21547055
23494476
23717468
22405111
23912663
22507377
22764939
25781290
23617163
22921390
24184271
23148660
24037862
21281861
25848217
21257762
23313055
22397211
21405002
23853311
22649945
23823167
25022160
22597103
24258192
23973960
25894399
25705216
25236368
22679771
21918602
21400200
25869606
23009535
22885458
25159463
24904719
22677874
22947593
21367414
21535904
24994765
24349230
21984493
25942753
25485459
22207515
21536160
25777389
21420792
22656158
25847795
21421184
21378380
23355242
23623922
25190127
22922080
25147006
24208918
24635039
23130894
21257226
24930030
21863075
22695497
21247400
23149928
25346422
21641324
23228939
24686562
21521919
25700035
24014160
25972213
25447850
22649016
22473217
24810745
22057672
24165356
23239232
22722413
23739314
22712088
24823837
23738061
22965050
25898679
25051132
24195458
21184018
24463563
22919052
25121071
22852987
24564085
23433897
25451332
24722747
22381440
26015810
22809373
22863807
22268589
22045186
23548592
23011738
21157427
23392301
25513281
23231711
21397924
23553771
21276561
21269825
21345351
23684248
22098513
25090065
21713265
24936419
24388067
24326305
25559517
24223822
21504028
23666401
21192461
26026514
25570491
22125697
22601622
23353070
21174855
23431830
23184379
25146783
21234459
21121330
22904122
25299342
22921138
25771475
25825971
25589564
25016554
22405202
23644244
24566998
22022368
21141244
25954277
22985039
21226423
22180652
21641215
24733082
24845273
21991372
24698167
21258238
22819377
25899698
25984406
25973242
24422080
21212280
25324419
22999844
22093301
24989721
24360360
25375666
24150137
25546882
24082214
21943252
23131690
25967553
21679087
24820174
22780019
22169007
23769860
25894317
23184364
21398209
23192985
23461367
24822915
25335781
25667485
23442731
23230998
24287199
24592453
25422532
24379006
24738325
23009732
24521857
24752018
24515976
24168355
21090699
22632926
22255913
23234798
24836958
25568240
23166710
24428308
21442644
22178522
22557400
22904133
22548877
21676239
21502248
24055423
22091364
24723957
25895027
21026462
22350830
23392835
21841573
22066262
22652209
26015307
23341275
24082739
21230319
23468056
21738737
23244022
23391170
22360349
24763827
24627824
25631454
23812174
23180156
23852163
22890615
24156681
25673037
23209044
25677188
25591244
21218117
21495811
25212855
24296656
22182871
21859490
25386615
24133512
22036155
25138701
25955555
23006353
21872965
23226452
21886391
21769546
21120571
25050300
23357863
25438137
25790902
21911120
23494714
24608985
23512419
25251593
23213255
25515485
23959312
22610739
21236557
21824751
22650839
22961909
22245622
21869523
22865811
22784759
22996690
25339019
24517717
25559216
22852413
21683343
24002937
22363793
22595923
21495346
24466655
21655959
23471844
25831220
22724080
22971630
25476905
21639191
25291213
22215643
23017842
22773799
22458353
23712547
22030981
25637471
22220066
21936518
22360957
22074281
22882744
25905214
21246749
23236088
24988575
24059095
21854243
21638935
21043857
24398850
22060563
22836818
23456826
24179000
24446966
23272194
21364048
23785470
24765365
21002283
25749900
24549495
22960907
25800354
21499532
22453006
21463469
22456596
21970609
22598602
22965875
21163693
24022518
25601898
23835180
23775435
21261898
21825122
24655933
24028881
21246072
24011838
25061977
24159018
24194585
21382092
22940546
21333239
24017857
25634207
24463917
22224352
22628757
25986533
23003197
21449197
25509214
21800098
25893395
24855866
21723203
22300466
22568066
25673664
22724582
21547500
22247741
26016890
25741464
23624252
21022857
25876503
25390825
25742303
21523482
21081017
23134164
23551122
22007955
21985061
24855706
21955855
25894743
24274818
22878702
23487241
23174915
24903011
25870929
25072495
25823268
23127885
24115902
23727670
25350078
21981965
21050265
22036583
21209887
24907413
22959362
23772589
21556987
21088317
24984367
23323336
25190596
25312347
24525181
22905769
21223903
23897169
24757738
25565504
21670357
22336063
21778118
22985790
21191042
21015952
22909786
22206785
25678226
25745925
25848594
21767199
21451642
21929654
25174252
21326453
25494709
22029712
22086627
22637160
22162367
21797730
22351244
24071386
25658664
24790736
23595036
21589296
23526788
22332002
25948847
25490944
21500165
25529960
24793378
24917188
23569949
21529476
26010099
26005722
23182817
22297507
23395007
22254512
22091897
22663257
23338897
24992940
21486680
22350076
21736805
22402745
21209478
23917512
22245649
21130695
22556926
21894142
21496134
22141100
21259347
22732778
21088469
22716904
25206164
24750141
22104052
23449182
21395133
23443604
22272961
24559820
25001035
24399778
25716546
23071282
25059566
22483889
22711188
22854043
21207612
22437316
21298994
24551548
24936242
24594021
24931565
25538431
22245896
23469852
25431587
23551025
23565351
22831843
24768069
21483947
24131696
25264472
22106512
21143682
25838279
21013192
24280935
24787391
23716953
23993386
25577947
21852356
22763946
21904017
24053482
22335384
22139249
22168848
22463575
23370318
22877232
22889664
21294208
24048315
23436313
23170562
22358243
23456882
23554011
23446213
23333753
26018144
24180492
25908296
24631868
22631675
25282955
21136349
23813442
25634631
24564884
23104239
21621357
25165246
22814556
24858828
22127409
23807452
22454527
21267411
22465619
24352912
23281261
22468287
24093595
23666708
22944603
23719926
22668590
25023004
24434303
24669810
23134746
24508223
24776976
23807342
25488165
22193187
24625335
21784475
23076469
25838171
23900488
23389340
22800960
25196664
25984360
22688398
21220059
24911286
22567024
21273374
23449081
25761939
25145220
22206444
22876735
23542169
24101332
21507942
22335693
23829417
23992861
24715220
23163461
23499338
24508424
21734629
24840897
22468939
25656742
21619679
23796354
23660733
24518313
26010152
25934862
25171863
24315085
24114661
23254279
25689403
22663804
21658813
24667151
22365206
22112214
21508954
25470493
23665329
21225959
22350904
21004573
22551966
23690353
22808308
23566146
22569115
24164375
23808540
21905353
22355800
23157994
21941450
24819915
23368291
25929614
22772493
24250734
21889733
21562666
21007418
24576209
25993168
22021270
23307024
23480225
23558715
24146679
25738914
24786686
21659468
24768580
23507898
22223814
25527713
24472829
22377393
21074450
24285041
23065186
21637427
25193651
25282210
25736663
22666461
25097729
25779569
25807615
22263959
24697472
21790133
24002379
22518001
25152477
25915011
25689206
25466037
24479250
22382965
21286448
23222558
22960176
22812216
23590742
21783560
24790834
25543090
24058359
23676611
21594713
23744809
22835071
23999693
23949653
22469659
21877047
22126269
21466505
24298101
22722033
24797776
25732149
21392561
24005396
24707120
24004106
24202204
25507526
23439596
23416914
23930050
25491324
22360293
23075488
25177051
21062548
21897918
23499173
23324327
23099511
23659033
23729293
24386329
22728370
25553739
24849965
23596807
23101406
24348570
22018834
23932917
21700265
22236612
24990862
24760672
25904661
22421300
25588265
25520271
25814453
23632747
23395756
21207595
24027887
22527638
24673631
24808753
21071557
24501581
21671241
24957162
21562242
21763716
23731712
22898406
23135396
22360423
24674201
25811930
22619264
25881235
22158392
21603727
21950206
24073316
24753639
25638063
21181918
21692816
23499740
21970410
22268919
22614357
21300152
25748993
23912994
23995125
22034531
24231648
25478423
25773873
24188074
21422187
22923270
23593228
21082052
22749140
22644654
22193047
25309455
22316426
25991355
23718590
24004075
23962128
22632028
25275168
22068147
22106534
25860583
22374018
25282498
22601382
22342117
23616384
24508176
25209983
24781933
21435753
24633104
24984639
24901278
22529272
24385018
22051944
21522422
25895569
22941827
22778796
21613227
23249075
24439516
24363423
21902708
22789123
24959695
21332160
25013683
23083364
23841577
25995478
22337993
23357322
21933327
21041499
24507297
25794899
21360783
22139330
23003829
23354765
22552785
21032335
21231633
21491439
23244354
25255506
22451187
25635481
21994204
25162062
23771719
23471040
22294675
21075894
24200132
23812679
23964719
24066875
22660857
24761066
24646301
23384892
23462017
24223804
24373201
25141112
21332625
22176385
22187498
24489297
25559419
22672136
25610394
25864888
22270023
23745133
25621170
25717076
24033282
22754630
25629858
24126560
25899293
23434764
21715138
23564804
25466232
23278735
24705948
22769243
21199261
25068570
22487255
24999031
21240056
24947930
25169370
25679192
25443986
24333778
25341785
22824943
22521102
24240961
21315426
25965278
21798858
24336981
24586293
25655639
23042973
23043363
24568321
22483207
22080746
25260686
21622849
25757339
24487405
24853957
23790013
25399292
21994823
21047430
21632764
23459672
25154978
23972879
21441759
22649606
22203892
24248335
25329835
24733458
24797952
23012396
21650037
22430607
22064269
25356650
25566219
21733501
22667000
24209231
24732354
24235663
22246318
22045353
23115334
22244773
25936219
22016348
21930221
23095229
22659222
23241573
24221420
23586213
21946870
24863928
23696369
22920825
25294200
22753680
21476700
21025962
22844629
22428119
23121131
23854764
21796243
21454608
23919336
22721835
21377403
23733824
24784469
24719710
25594879
21616923
24434673
24427301
25866148
21670538
25110643
21461174
22212805
21221187
23523182
22539971
22259165
21452177
25705599
24456915
24422261
24004914
22310181
25786984
21923365
23501416
25208208
21995374
21154431
24809528
21350688
23078859
24886122
21073114
25003596
22782535
23548962
21143386
25993588
24473670
23153966
24384372
24435469
24629226
21916831
24313634
24944138
24587588
23829291
26018715
24084657
22255259
22985880
21960407
21397796
23997978
21412900
23363030
22896995
24183389
23763832
25312208
21909086
25622432
25981015
23191785
23759042
21199601
23558028
21282314
23650038
25586600
25088817
24138533
21696879
23913657
23963598
24193742
22398496
25017310
23764783
21063175
23871757
23832007
24150984
25706588
22000392
24813537
22217097
21025029
24403499
23695356
24147713
21557494
21859817
22776307
23855367
23506192
22294359
22370334
24171163
21214081
21130815
21635781
21042433
25283767
21489056
25530035
21087938
21193866
24849220
24375831
25342985
23944708
23124477
22793442
21776570
25734735
22281412
21353465
25096620
22509087
21752923
24613303
21277183
21190555
22090862
22469375
25592440
21718063
25181105
25411132
21787437
25401713
25575598
24289919
21869254
23095570
21637297
21323014
22855649
24749935
21532746
22526092
21940540
24984319
22075857
21828366
22569012
23713331
23103631
22731447
23601526
24014646
23022534
24777106
24282046
23976369
23461773
21267020
22203256
25753500
25129378
22929404
22125461
24606166
21998144
22795125
24087937
25945556
25728603
22675652
21543756
24112258
23734335
24468712
22598217
22761471
25394649
26022465
23956220
23749189
21502273
21034971
24210841
24797516
21902549
24749010
24247870
25073946
21416883
24592834
24000951
24479395
23121562
25966920
24855918
25318256
23002756
25126112
23426944
23094124
23699703
24993602
23989580
22989184
24104278
25922494
23319142
22991915
26009172
22729515
23333890
25543681
21297369
22901367
25320076
23527865
22535972
21403080
24351267
22215266
23663531
25175796
22620074
22344295
22817767
26007789
24544135
25432343
21288819
21112575
24592558
22587102
23957658
21018348
22090953
21894263
23404553
25066326
21932583
22148535
24669884
23398075
25814504
25604785
22368303
25489418
24715511
24136538
21678027
21909321
25756666
24375855
21942776
25199282
22929263
25090325
23265103
21977693
21814700
23839095
22375287
21788052
23174087
21143062
25906096
21319448
23899681
24663665
23106936
22829880
22333192
23196373
24043227
22199530
21206243
23609053
22584869
24668365
22813825
23885644
25029079
22975853
25999925
23415226
25715794
22925126
24709574
22788681
21668276
24858921
23747849
24169985
25627859
23766578
21695320
24803298
24004746
25774067
25026602
21424814
25106933
21286731
24668671
22389684
25908909
22310332
24969878
21266728
22734462
24143651
22327571
21874093
25230549
21463340
24965553
24877222
22956636
24748889
21601483
23545795
24676446
25952780
25877427
22073195
22933322
22060382
24088434
22164252
21906713
25481214
23946025
25943596
25457269
21445186
21226539
23688997
25244948
25668413
23887885
21837345
24673775
23587903
23044089
25112464
22604712
21971481
23226699
22144993
25872239
24107740
23660216
21206742
21240762
21733565
25158617
24880810
21182051
22916906
23616051
21636993
23070385
22981132
21008322
25275909
21668082
21000260
22622839
22500142
22090965
22470332
24199804
24037651
24491750
22502544
21054217
25053339
25143810
24596871
23854189
21867905
24762428
25059165
21371487
23810147
23758315
21229828
22468603
22053403
21169246
23391441
22514258
24091505
21648311
23084058
22819224
23735877
24731485
24258852
24979938
22414707
24121107
22725686
23998531
25575934
21021115
23623044
25224780
24446572
23516962
25531114
21694658
21438832
25744125
21621116
23121790
23567584
21336995
22410575
25355609
25543623
23779619
24266502
22803986
25469311
24309986
22255084
21286149
25342179
25551154
25865564
21265171
25334079
21170925
25904658
21312945
23839261
21278390
24435435
24554375
22216632
25834790
21568182
22907014
25144617
24118482
23805723
21651192
24137954
21322414
23820941
24208800
23708667
24839992
25605313
26004483
24958459
21293229
22864462
22643193
25752881
24229806
22088777
22848434
21996815
24337639
25945857
24549172
24986638
23672857
22547348
22456083
23256242
25888732
24922192
22365264
21427901
22213819
21942523
21470608
23340682
25281328
23390242
21920244
24986135
21973031
22199103
21632407
23344079
21427050
21078664
22172626
21685805
25301568
24062230
21045423
24856912
22857888
23713945
22472124
25811016
21981069
21007766
24995047
24134158
21663176
23784356
23292184
23865710
24805946
21613350
24193156
23325831
21778969
23435700
23793943
23661103
25741915
24284798
23926525
22764836
23517527
25687738
23933384
25262477
22462395
23591126
22943773
23874104
25107902
23530174
21416041
24884590
21292459
23188802
24406332
22127541
25752117
25159261
23489882
21053318
21694896
23723213
21511528
24539444
24062405
21207415
24694065
22769057
25422427
24464443
25700050
21917450
22383743
25661501
25894284
25697611
22358509
22161510
21935684
25712077
22345344
21995587
23409848
24295789
23603638
25352427
22069700
24518587
24528565
25088415
24148907
25732542
22447145
23008212
23681093
22823627
24980358
25993502
24641126
22837571
24270526
22721645
22572490
25151331
23245823
